< 0,0 1,0 2,0 3,0 4,0 5,0 6,0 7,0 8,0 9,0 10,0 0,1 1,1 2,1 3,1 4,1 5,1 6,1 7,1 8,1 9,1 10,1 0,2 1,2 2,2 3,2 4,2 5,2 6,2 7,2 8,2 9,2 10,2 0,3 1,3 2,3 3,3 4,3 5,3 6,3 7,3 8,3 9,3 10,3 0,4 1,4 2,4 3,4 4,4 5,4 6,4 7,4 8,4 9,4 10,4 > [ P_P P_Q P_R P_S P_T P_U P_V P_W P_X P_Y P_Z ]
P_P 0,0 1,0 0,1 1,1 0,2 ;
P_P 1,0 2,0 1,1 2,1 1,2 ;
P_P 2,0 3,0 2,1 3,1 2,2 ;
P_P 3,0 4,0 3,1 4,1 3,2 ;
P_P 4,0 5,0 4,1 5,1 4,2 ;
P_P 5,0 6,0 5,1 6,1 5,2 ;
P_P 6,0 7,0 6,1 7,1 6,2 ;
P_P 7,0 8,0 7,1 8,1 7,2 ;
P_P 8,0 9,0 8,1 9,1 8,2 ;
P_P 9,0 10,0 9,1 10,1 9,2 ;
P_P 0,1 1,1 0,2 1,2 0,3 ;
P_P 1,1 2,1 1,2 2,2 1,3 ;
P_P 2,1 3,1 2,2 3,2 2,3 ;
P_P 3,1 4,1 3,2 4,2 3,3 ;
P_P 4,1 5,1 4,2 5,2 4,3 ;
P_P 5,1 6,1 5,2 6,2 5,3 ;
P_P 6,1 7,1 6,2 7,2 6,3 ;
P_P 7,1 8,1 7,2 8,2 7,3 ;
P_P 8,1 9,1 8,2 9,2 8,3 ;
P_P 9,1 10,1 9,2 10,2 9,3 ;
P_P 0,2 1,2 0,3 1,3 0,4 ;
P_P 1,2 2,2 1,3 2,3 1,4 ;
P_P 2,2 3,2 2,3 3,3 2,4 ;
P_P 3,2 4,2 3,3 4,3 3,4 ;
P_P 4,2 5,2 4,3 5,3 4,4 ;
P_P 5,2 6,2 5,3 6,3 5,4 ;
P_P 6,2 7,2 6,3 7,3 6,4 ;
P_P 7,2 8,2 7,3 8,3 7,4 ;
P_P 8,2 9,2 8,3 9,3 8,4 ;
P_P 9,2 10,2 9,3 10,3 9,4 ;
P_P 0,0 0,1 1,1 0,2 1,2 ;
P_P 1,0 1,1 2,1 1,2 2,2 ;
P_P 2,0 2,1 3,1 2,2 3,2 ;
P_P 3,0 3,1 4,1 3,2 4,2 ;
P_P 4,0 4,1 5,1 4,2 5,2 ;
P_P 5,0 5,1 6,1 5,2 6,2 ;
P_P 6,0 6,1 7,1 6,2 7,2 ;
P_P 7,0 7,1 8,1 7,2 8,2 ;
P_P 8,0 8,1 9,1 8,2 9,2 ;
P_P 9,0 9,1 10,1 9,2 10,2 ;
P_P 0,1 0,2 1,2 0,3 1,3 ;
P_P 1,1 1,2 2,2 1,3 2,3 ;
P_P 2,1 2,2 3,2 2,3 3,3 ;
P_P 3,1 3,2 4,2 3,3 4,3 ;
P_P 4,1 4,2 5,2 4,3 5,3 ;
P_P 5,1 5,2 6,2 5,3 6,3 ;
P_P 6,1 6,2 7,2 6,3 7,3 ;
P_P 7,1 7,2 8,2 7,3 8,3 ;
P_P 8,1 8,2 9,2 8,3 9,3 ;
P_P 9,1 9,2 10,2 9,3 10,3 ;
P_P 0,2 0,3 1,3 0,4 1,4 ;
P_P 1,2 1,3 2,3 1,4 2,4 ;
P_P 2,2 2,3 3,3 2,4 3,4 ;
P_P 3,2 3,3 4,3 3,4 4,4 ;
P_P 4,2 4,3 5,3 4,4 5,4 ;
P_P 5,2 5,3 6,3 5,4 6,4 ;
P_P 6,2 6,3 7,3 6,4 7,4 ;
P_P 7,2 7,3 8,3 7,4 8,4 ;
P_P 8,2 8,3 9,3 8,4 9,4 ;
P_P 9,2 9,3 10,3 9,4 10,4 ;
P_P 1,0 2,0 0,1 1,1 2,1 ;
P_P 2,0 3,0 1,1 2,1 3,1 ;
P_P 3,0 4,0 2,1 3,1 4,1 ;
P_P 4,0 5,0 3,1 4,1 5,1 ;
P_P 5,0 6,0 4,1 5,1 6,1 ;
P_P 6,0 7,0 5,1 6,1 7,1 ;
P_P 7,0 8,0 6,1 7,1 8,1 ;
P_P 8,0 9,0 7,1 8,1 9,1 ;
P_P 9,0 10,0 8,1 9,1 10,1 ;
P_P 1,1 2,1 0,2 1,2 2,2 ;
P_P 2,1 3,1 1,2 2,2 3,2 ;
P_P 3,1 4,1 2,2 3,2 4,2 ;
P_P 4,1 5,1 3,2 4,2 5,2 ;
P_P 5,1 6,1 4,2 5,2 6,2 ;
P_P 6,1 7,1 5,2 6,2 7,2 ;
P_P 7,1 8,1 6,2 7,2 8,2 ;
P_P 8,1 9,1 7,2 8,2 9,2 ;
P_P 9,1 10,1 8,2 9,2 10,2 ;
P_P 1,2 2,2 0,3 1,3 2,3 ;
P_P 2,2 3,2 1,3 2,3 3,3 ;
P_P 3,2 4,2 2,3 3,3 4,3 ;
P_P 4,2 5,2 3,3 4,3 5,3 ;
P_P 5,2 6,2 4,3 5,3 6,3 ;
P_P 6,2 7,2 5,3 6,3 7,3 ;
P_P 7,2 8,2 6,3 7,3 8,3 ;
P_P 8,2 9,2 7,3 8,3 9,3 ;
P_P 9,2 10,2 8,3 9,3 10,3 ;
P_P 1,3 2,3 0,4 1,4 2,4 ;
P_P 2,3 3,3 1,4 2,4 3,4 ;
P_P 3,3 4,3 2,4 3,4 4,4 ;
P_P 4,3 5,3 3,4 4,4 5,4 ;
P_P 5,3 6,3 4,4 5,4 6,4 ;
P_P 6,3 7,3 5,4 6,4 7,4 ;
P_P 7,3 8,3 6,4 7,4 8,4 ;
P_P 8,3 9,3 7,4 8,4 9,4 ;
P_P 9,3 10,3 8,4 9,4 10,4 ;
P_P 0,0 1,0 0,1 1,1 2,1 ;
P_P 1,0 2,0 1,1 2,1 3,1 ;
P_P 2,0 3,0 2,1 3,1 4,1 ;
P_P 3,0 4,0 3,1 4,1 5,1 ;
P_P 4,0 5,0 4,1 5,1 6,1 ;
P_P 5,0 6,0 5,1 6,1 7,1 ;
P_P 6,0 7,0 6,1 7,1 8,1 ;
P_P 7,0 8,0 7,1 8,1 9,1 ;
P_P 8,0 9,0 8,1 9,1 10,1 ;
P_P 0,1 1,1 0,2 1,2 2,2 ;
P_P 1,1 2,1 1,2 2,2 3,2 ;
P_P 2,1 3,1 2,2 3,2 4,2 ;
P_P 3,1 4,1 3,2 4,2 5,2 ;
P_P 4,1 5,1 4,2 5,2 6,2 ;
P_P 5,1 6,1 5,2 6,2 7,2 ;
P_P 6,1 7,1 6,2 7,2 8,2 ;
P_P 7,1 8,1 7,2 8,2 9,2 ;
P_P 8,1 9,1 8,2 9,2 10,2 ;
P_P 0,2 1,2 0,3 1,3 2,3 ;
P_P 1,2 2,2 1,3 2,3 3,3 ;
P_P 2,2 3,2 2,3 3,3 4,3 ;
P_P 3,2 4,2 3,3 4,3 5,3 ;
P_P 4,2 5,2 4,3 5,3 6,3 ;
P_P 5,2 6,2 5,3 6,3 7,3 ;
P_P 6,2 7,2 6,3 7,3 8,3 ;
P_P 7,2 8,2 7,3 8,3 9,3 ;
P_P 8,2 9,2 8,3 9,3 10,3 ;
P_P 0,3 1,3 0,4 1,4 2,4 ;
P_P 1,3 2,3 1,4 2,4 3,4 ;
P_P 2,3 3,3 2,4 3,4 4,4 ;
P_P 3,3 4,3 3,4 4,4 5,4 ;
P_P 4,3 5,3 4,4 5,4 6,4 ;
P_P 5,3 6,3 5,4 6,4 7,4 ;
P_P 6,3 7,3 6,4 7,4 8,4 ;
P_P 7,3 8,3 7,4 8,4 9,4 ;
P_P 8,3 9,3 8,4 9,4 10,4 ;
P_P 1,0 0,1 1,1 0,2 1,2 ;
P_P 2,0 1,1 2,1 1,2 2,2 ;
P_P 3,0 2,1 3,1 2,2 3,2 ;
P_P 4,0 3,1 4,1 3,2 4,2 ;
P_P 5,0 4,1 5,1 4,2 5,2 ;
P_P 6,0 5,1 6,1 5,2 6,2 ;
P_P 7,0 6,1 7,1 6,2 7,2 ;
P_P 8,0 7,1 8,1 7,2 8,2 ;
P_P 9,0 8,1 9,1 8,2 9,2 ;
P_P 10,0 9,1 10,1 9,2 10,2 ;
P_P 1,1 0,2 1,2 0,3 1,3 ;
P_P 2,1 1,2 2,2 1,3 2,3 ;
P_P 3,1 2,2 3,2 2,3 3,3 ;
P_P 4,1 3,2 4,2 3,3 4,3 ;
P_P 5,1 4,2 5,2 4,3 5,3 ;
P_P 6,1 5,2 6,2 5,3 6,3 ;
P_P 7,1 6,2 7,2 6,3 7,3 ;
P_P 8,1 7,2 8,2 7,3 8,3 ;
P_P 9,1 8,2 9,2 8,3 9,3 ;
P_P 10,1 9,2 10,2 9,3 10,3 ;
P_P 1,2 0,3 1,3 0,4 1,4 ;
P_P 2,2 1,3 2,3 1,4 2,4 ;
P_P 3,2 2,3 3,3 2,4 3,4 ;
P_P 4,2 3,3 4,3 3,4 4,4 ;
P_P 5,2 4,3 5,3 4,4 5,4 ;
P_P 6,2 5,3 6,3 5,4 6,4 ;
P_P 7,2 6,3 7,3 6,4 7,4 ;
P_P 8,2 7,3 8,3 7,4 8,4 ;
P_P 9,2 8,3 9,3 8,4 9,4 ;
P_P 10,2 9,3 10,3 9,4 10,4 ;
P_P 0,0 1,0 0,1 1,1 1,2 ;
P_P 1,0 2,0 1,1 2,1 2,2 ;
P_P 2,0 3,0 2,1 3,1 3,2 ;
P_P 3,0 4,0 3,1 4,1 4,2 ;
P_P 4,0 5,0 4,1 5,1 5,2 ;
P_P 5,0 6,0 5,1 6,1 6,2 ;
P_P 6,0 7,0 6,1 7,1 7,2 ;
P_P 7,0 8,0 7,1 8,1 8,2 ;
P_P 8,0 9,0 8,1 9,1 9,2 ;
P_P 9,0 10,0 9,1 10,1 10,2 ;
P_P 0,1 1,1 0,2 1,2 1,3 ;
P_P 1,1 2,1 1,2 2,2 2,3 ;
P_P 2,1 3,1 2,2 3,2 3,3 ;
P_P 3,1 4,1 3,2 4,2 4,3 ;
P_P 4,1 5,1 4,2 5,2 5,3 ;
P_P 5,1 6,1 5,2 6,2 6,3 ;
P_P 6,1 7,1 6,2 7,2 7,3 ;
P_P 7,1 8,1 7,2 8,2 8,3 ;
P_P 8,1 9,1 8,2 9,2 9,3 ;
P_P 9,1 10,1 9,2 10,2 10,3 ;
P_P 0,2 1,2 0,3 1,3 1,4 ;
P_P 1,2 2,2 1,3 2,3 2,4 ;
P_P 2,2 3,2 2,3 3,3 3,4 ;
P_P 3,2 4,2 3,3 4,3 4,4 ;
P_P 4,2 5,2 4,3 5,3 5,4 ;
P_P 5,2 6,2 5,3 6,3 6,4 ;
P_P 6,2 7,2 6,3 7,3 7,4 ;
P_P 7,2 8,2 7,3 8,3 8,4 ;
P_P 8,2 9,2 8,3 9,3 9,4 ;
P_P 9,2 10,2 9,3 10,3 10,4 ;
P_P 0,0 1,0 2,0 1,1 2,1 ;
P_P 1,0 2,0 3,0 2,1 3,1 ;
P_P 2,0 3,0 4,0 3,1 4,1 ;
P_P 3,0 4,0 5,0 4,1 5,1 ;
P_P 4,0 5,0 6,0 5,1 6,1 ;
P_P 5,0 6,0 7,0 6,1 7,1 ;
P_P 6,0 7,0 8,0 7,1 8,1 ;
P_P 7,0 8,0 9,0 8,1 9,1 ;
P_P 8,0 9,0 10,0 9,1 10,1 ;
P_P 0,1 1,1 2,1 1,2 2,2 ;
P_P 1,1 2,1 3,1 2,2 3,2 ;
P_P 2,1 3,1 4,1 3,2 4,2 ;
P_P 3,1 4,1 5,1 4,2 5,2 ;
P_P 4,1 5,1 6,1 5,2 6,2 ;
P_P 5,1 6,1 7,1 6,2 7,2 ;
P_P 6,1 7,1 8,1 7,2 8,2 ;
P_P 7,1 8,1 9,1 8,2 9,2 ;
P_P 8,1 9,1 10,1 9,2 10,2 ;
P_P 0,2 1,2 2,2 1,3 2,3 ;
P_P 1,2 2,2 3,2 2,3 3,3 ;
P_P 2,2 3,2 4,2 3,3 4,3 ;
P_P 3,2 4,2 5,2 4,3 5,3 ;
P_P 4,2 5,2 6,2 5,3 6,3 ;
P_P 5,2 6,2 7,2 6,3 7,3 ;
P_P 6,2 7,2 8,2 7,3 8,3 ;
P_P 7,2 8,2 9,2 8,3 9,3 ;
P_P 8,2 9,2 10,2 9,3 10,3 ;
P_P 0,3 1,3 2,3 1,4 2,4 ;
P_P 1,3 2,3 3,3 2,4 3,4 ;
P_P 2,3 3,3 4,3 3,4 4,4 ;
P_P 3,3 4,3 5,3 4,4 5,4 ;
P_P 4,3 5,3 6,3 5,4 6,4 ;
P_P 5,3 6,3 7,3 6,4 7,4 ;
P_P 6,3 7,3 8,3 7,4 8,4 ;
P_P 7,3 8,3 9,3 8,4 9,4 ;
P_P 8,3 9,3 10,3 9,4 10,4 ;
P_P 0,0 1,0 2,0 0,1 1,1 ;
P_P 1,0 2,0 3,0 1,1 2,1 ;
P_P 2,0 3,0 4,0 2,1 3,1 ;
P_P 3,0 4,0 5,0 3,1 4,1 ;
P_P 4,0 5,0 6,0 4,1 5,1 ;
P_P 5,0 6,0 7,0 5,1 6,1 ;
P_P 6,0 7,0 8,0 6,1 7,1 ;
P_P 7,0 8,0 9,0 7,1 8,1 ;
P_P 8,0 9,0 10,0 8,1 9,1 ;
P_P 0,1 1,1 2,1 0,2 1,2 ;
P_P 1,1 2,1 3,1 1,2 2,2 ;
P_P 2,1 3,1 4,1 2,2 3,2 ;
P_P 3,1 4,1 5,1 3,2 4,2 ;
P_P 4,1 5,1 6,1 4,2 5,2 ;
P_P 5,1 6,1 7,1 5,2 6,2 ;
P_P 6,1 7,1 8,1 6,2 7,2 ;
P_P 7,1 8,1 9,1 7,2 8,2 ;
P_P 8,1 9,1 10,1 8,2 9,2 ;
P_P 0,2 1,2 2,2 0,3 1,3 ;
P_P 1,2 2,2 3,2 1,3 2,3 ;
P_P 2,2 3,2 4,2 2,3 3,3 ;
P_P 3,2 4,2 5,2 3,3 4,3 ;
P_P 4,2 5,2 6,2 4,3 5,3 ;
P_P 5,2 6,2 7,2 5,3 6,3 ;
P_P 6,2 7,2 8,2 6,3 7,3 ;
P_P 7,2 8,2 9,2 7,3 8,3 ;
P_P 8,2 9,2 10,2 8,3 9,3 ;
P_P 0,3 1,3 2,3 0,4 1,4 ;
P_P 1,3 2,3 3,3 1,4 2,4 ;
P_P 2,3 3,3 4,3 2,4 3,4 ;
P_P 3,3 4,3 5,3 3,4 4,4 ;
P_P 4,3 5,3 6,3 4,4 5,4 ;
P_P 5,3 6,3 7,3 5,4 6,4 ;
P_P 6,3 7,3 8,3 6,4 7,4 ;
P_P 7,3 8,3 9,3 7,4 8,4 ;
P_P 8,3 9,3 10,3 8,4 9,4 ;
P_Q 0,0 1,0 0,1 0,2 0,3 ;
P_Q 1,0 2,0 1,1 1,2 1,3 ;
P_Q 2,0 3,0 2,1 2,2 2,3 ;
P_Q 3,0 4,0 3,1 3,2 3,3 ;
P_Q 4,0 5,0 4,1 4,2 4,3 ;
P_Q 5,0 6,0 5,1 5,2 5,3 ;
P_Q 6,0 7,0 6,1 6,2 6,3 ;
P_Q 7,0 8,0 7,1 7,2 7,3 ;
P_Q 8,0 9,0 8,1 8,2 8,3 ;
P_Q 9,0 10,0 9,1 9,2 9,3 ;
P_Q 0,1 1,1 0,2 0,3 0,4 ;
P_Q 1,1 2,1 1,2 1,3 1,4 ;
P_Q 2,1 3,1 2,2 2,3 2,4 ;
P_Q 3,1 4,1 3,2 3,3 3,4 ;
P_Q 4,1 5,1 4,2 4,3 4,4 ;
P_Q 5,1 6,1 5,2 5,3 5,4 ;
P_Q 6,1 7,1 6,2 6,3 6,4 ;
P_Q 7,1 8,1 7,2 7,3 7,4 ;
P_Q 8,1 9,1 8,2 8,3 8,4 ;
P_Q 9,1 10,1 9,2 9,3 9,4 ;
P_Q 0,0 1,0 2,0 3,0 0,1 ;
P_Q 1,0 2,0 3,0 4,0 1,1 ;
P_Q 2,0 3,0 4,0 5,0 2,1 ;
P_Q 3,0 4,0 5,0 6,0 3,1 ;
P_Q 4,0 5,0 6,0 7,0 4,1 ;
P_Q 5,0 6,0 7,0 8,0 5,1 ;
P_Q 6,0 7,0 8,0 9,0 6,1 ;
P_Q 7,0 8,0 9,0 10,0 7,1 ;
P_Q 0,1 1,1 2,1 3,1 0,2 ;
P_Q 1,1 2,1 3,1 4,1 1,2 ;
P_Q 2,1 3,1 4,1 5,1 2,2 ;
P_Q 3,1 4,1 5,1 6,1 3,2 ;
P_Q 4,1 5,1 6,1 7,1 4,2 ;
P_Q 5,1 6,1 7,1 8,1 5,2 ;
P_Q 6,1 7,1 8,1 9,1 6,2 ;
P_Q 7,1 8,1 9,1 10,1 7,2 ;
P_Q 0,2 1,2 2,2 3,2 0,3 ;
P_Q 1,2 2,2 3,2 4,2 1,3 ;
P_Q 2,2 3,2 4,2 5,2 2,3 ;
P_Q 3,2 4,2 5,2 6,2 3,3 ;
P_Q 4,2 5,2 6,2 7,2 4,3 ;
P_Q 5,2 6,2 7,2 8,2 5,3 ;
P_Q 6,2 7,2 8,2 9,2 6,3 ;
P_Q 7,2 8,2 9,2 10,2 7,3 ;
P_Q 0,3 1,3 2,3 3,3 0,4 ;
P_Q 1,3 2,3 3,3 4,3 1,4 ;
P_Q 2,3 3,3 4,3 5,3 2,4 ;
P_Q 3,3 4,3 5,3 6,3 3,4 ;
P_Q 4,3 5,3 6,3 7,3 4,4 ;
P_Q 5,3 6,3 7,3 8,3 5,4 ;
P_Q 6,3 7,3 8,3 9,3 6,4 ;
P_Q 7,3 8,3 9,3 10,3 7,4 ;
P_Q 1,0 1,1 1,2 0,3 1,3 ;
P_Q 2,0 2,1 2,2 1,3 2,3 ;
P_Q 3,0 3,1 3,2 2,3 3,3 ;
P_Q 4,0 4,1 4,2 3,3 4,3 ;
P_Q 5,0 5,1 5,2 4,3 5,3 ;
P_Q 6,0 6,1 6,2 5,3 6,3 ;
P_Q 7,0 7,1 7,2 6,3 7,3 ;
P_Q 8,0 8,1 8,2 7,3 8,3 ;
P_Q 9,0 9,1 9,2 8,3 9,3 ;
P_Q 10,0 10,1 10,2 9,3 10,3 ;
P_Q 1,1 1,2 1,3 0,4 1,4 ;
P_Q 2,1 2,2 2,3 1,4 2,4 ;
P_Q 3,1 3,2 3,3 2,4 3,4 ;
P_Q 4,1 4,2 4,3 3,4 4,4 ;
P_Q 5,1 5,2 5,3 4,4 5,4 ;
P_Q 6,1 6,2 6,3 5,4 6,4 ;
P_Q 7,1 7,2 7,3 6,4 7,4 ;
P_Q 8,1 8,2 8,3 7,4 8,4 ;
P_Q 9,1 9,2 9,3 8,4 9,4 ;
P_Q 10,1 10,2 10,3 9,4 10,4 ;
P_Q 0,0 1,0 1,1 1,2 1,3 ;
P_Q 1,0 2,0 2,1 2,2 2,3 ;
P_Q 2,0 3,0 3,1 3,2 3,3 ;
P_Q 3,0 4,0 4,1 4,2 4,3 ;
P_Q 4,0 5,0 5,1 5,2 5,3 ;
P_Q 5,0 6,0 6,1 6,2 6,3 ;
P_Q 6,0 7,0 7,1 7,2 7,3 ;
P_Q 7,0 8,0 8,1 8,2 8,3 ;
P_Q 8,0 9,0 9,1 9,2 9,3 ;
P_Q 9,0 10,0 10,1 10,2 10,3 ;
P_Q 0,1 1,1 1,2 1,3 1,4 ;
P_Q 1,1 2,1 2,2 2,3 2,4 ;
P_Q 2,1 3,1 3,2 3,3 3,4 ;
P_Q 3,1 4,1 4,2 4,3 4,4 ;
P_Q 4,1 5,1 5,2 5,3 5,4 ;
P_Q 5,1 6,1 6,2 6,3 6,4 ;
P_Q 6,1 7,1 7,2 7,3 7,4 ;
P_Q 7,1 8,1 8,2 8,3 8,4 ;
P_Q 8,1 9,1 9,2 9,3 9,4 ;
P_Q 9,1 10,1 10,2 10,3 10,4 ;
P_Q 0,0 0,1 0,2 0,3 1,3 ;
P_Q 1,0 1,1 1,2 1,3 2,3 ;
P_Q 2,0 2,1 2,2 2,3 3,3 ;
P_Q 3,0 3,1 3,2 3,3 4,3 ;
P_Q 4,0 4,1 4,2 4,3 5,3 ;
P_Q 5,0 5,1 5,2 5,3 6,3 ;
P_Q 6,0 6,1 6,2 6,3 7,3 ;
P_Q 7,0 7,1 7,2 7,3 8,3 ;
P_Q 8,0 8,1 8,2 8,3 9,3 ;
P_Q 9,0 9,1 9,2 9,3 10,3 ;
P_Q 0,1 0,2 0,3 0,4 1,4 ;
P_Q 1,1 1,2 1,3 1,4 2,4 ;
P_Q 2,1 2,2 2,3 2,4 3,4 ;
P_Q 3,1 3,2 3,3 3,4 4,4 ;
P_Q 4,1 4,2 4,3 4,4 5,4 ;
P_Q 5,1 5,2 5,3 5,4 6,4 ;
P_Q 6,1 6,2 6,3 6,4 7,4 ;
P_Q 7,1 7,2 7,3 7,4 8,4 ;
P_Q 8,1 8,2 8,3 8,4 9,4 ;
P_Q 9,1 9,2 9,3 9,4 10,4 ;
P_Q 3,0 0,1 1,1 2,1 3,1 ;
P_Q 4,0 1,1 2,1 3,1 4,1 ;
P_Q 5,0 2,1 3,1 4,1 5,1 ;
P_Q 6,0 3,1 4,1 5,1 6,1 ;
P_Q 7,0 4,1 5,1 6,1 7,1 ;
P_Q 8,0 5,1 6,1 7,1 8,1 ;
P_Q 9,0 6,1 7,1 8,1 9,1 ;
P_Q 10,0 7,1 8,1 9,1 10,1 ;
P_Q 3,1 0,2 1,2 2,2 3,2 ;
P_Q 4,1 1,2 2,2 3,2 4,2 ;
P_Q 5,1 2,2 3,2 4,2 5,2 ;
P_Q 6,1 3,2 4,2 5,2 6,2 ;
P_Q 7,1 4,2 5,2 6,2 7,2 ;
P_Q 8,1 5,2 6,2 7,2 8,2 ;
P_Q 9,1 6,2 7,2 8,2 9,2 ;
P_Q 10,1 7,2 8,2 9,2 10,2 ;
P_Q 3,2 0,3 1,3 2,3 3,3 ;
P_Q 4,2 1,3 2,3 3,3 4,3 ;
P_Q 5,2 2,3 3,3 4,3 5,3 ;
P_Q 6,2 3,3 4,3 5,3 6,3 ;
P_Q 7,2 4,3 5,3 6,3 7,3 ;
P_Q 8,2 5,3 6,3 7,3 8,3 ;
P_Q 9,2 6,3 7,3 8,3 9,3 ;
P_Q 10,2 7,3 8,3 9,3 10,3 ;
P_Q 3,3 0,4 1,4 2,4 3,4 ;
P_Q 4,3 1,4 2,4 3,4 4,4 ;
P_Q 5,3 2,4 3,4 4,4 5,4 ;
P_Q 6,3 3,4 4,4 5,4 6,4 ;
P_Q 7,3 4,4 5,4 6,4 7,4 ;
P_Q 8,3 5,4 6,4 7,4 8,4 ;
P_Q 9,3 6,4 7,4 8,4 9,4 ;
P_Q 10,3 7,4 8,4 9,4 10,4 ;
P_Q 0,0 1,0 2,0 3,0 3,1 ;
P_Q 1,0 2,0 3,0 4,0 4,1 ;
P_Q 2,0 3,0 4,0 5,0 5,1 ;
P_Q 3,0 4,0 5,0 6,0 6,1 ;
P_Q 4,0 5,0 6,0 7,0 7,1 ;
P_Q 5,0 6,0 7,0 8,0 8,1 ;
P_Q 6,0 7,0 8,0 9,0 9,1 ;
P_Q 7,0 8,0 9,0 10,0 10,1 ;
P_Q 0,1 1,1 2,1 3,1 3,2 ;
P_Q 1,1 2,1 3,1 4,1 4,2 ;
P_Q 2,1 3,1 4,1 5,1 5,2 ;
P_Q 3,1 4,1 5,1 6,1 6,2 ;
P_Q 4,1 5,1 6,1 7,1 7,2 ;
P_Q 5,1 6,1 7,1 8,1 8,2 ;
P_Q 6,1 7,1 8,1 9,1 9,2 ;
P_Q 7,1 8,1 9,1 10,1 10,2 ;
P_Q 0,2 1,2 2,2 3,2 3,3 ;
P_Q 1,2 2,2 3,2 4,2 4,3 ;
P_Q 2,2 3,2 4,2 5,2 5,3 ;
P_Q 3,2 4,2 5,2 6,2 6,3 ;
P_Q 4,2 5,2 6,2 7,2 7,3 ;
P_Q 5,2 6,2 7,2 8,2 8,3 ;
P_Q 6,2 7,2 8,2 9,2 9,3 ;
P_Q 7,2 8,2 9,2 10,2 10,3 ;
P_Q 0,3 1,3 2,3 3,3 3,4 ;
P_Q 1,3 2,3 3,3 4,3 4,4 ;
P_Q 2,3 3,3 4,3 5,3 5,4 ;
P_Q 3,3 4,3 5,3 6,3 6,4 ;
P_Q 4,3 5,3 6,3 7,3 7,4 ;
P_Q 5,3 6,3 7,3 8,3 8,4 ;
P_Q 6,3 7,3 8,3 9,3 9,4 ;
P_Q 7,3 8,3 9,3 10,3 10,4 ;
P_Q 0,0 0,1 1,1 2,1 3,1 ;
P_Q 1,0 1,1 2,1 3,1 4,1 ;
P_Q 2,0 2,1 3,1 4,1 5,1 ;
P_Q 3,0 3,1 4,1 5,1 6,1 ;
P_Q 4,0 4,1 5,1 6,1 7,1 ;
P_Q 5,0 5,1 6,1 7,1 8,1 ;
P_Q 6,0 6,1 7,1 8,1 9,1 ;
P_Q 7,0 7,1 8,1 9,1 10,1 ;
P_Q 0,1 0,2 1,2 2,2 3,2 ;
P_Q 1,1 1,2 2,2 3,2 4,2 ;
P_Q 2,1 2,2 3,2 4,2 5,2 ;
P_Q 3,1 3,2 4,2 5,2 6,2 ;
P_Q 4,1 4,2 5,2 6,2 7,2 ;
P_Q 5,1 5,2 6,2 7,2 8,2 ;
P_Q 6,1 6,2 7,2 8,2 9,2 ;
P_Q 7,1 7,2 8,2 9,2 10,2 ;
P_Q 0,2 0,3 1,3 2,3 3,3 ;
P_Q 1,2 1,3 2,3 3,3 4,3 ;
P_Q 2,2 2,3 3,3 4,3 5,3 ;
P_Q 3,2 3,3 4,3 5,3 6,3 ;
P_Q 4,2 4,3 5,3 6,3 7,3 ;
P_Q 5,2 5,3 6,3 7,3 8,3 ;
P_Q 6,2 6,3 7,3 8,3 9,3 ;
P_Q 7,2 7,3 8,3 9,3 10,3 ;
P_Q 0,3 0,4 1,4 2,4 3,4 ;
P_Q 1,3 1,4 2,4 3,4 4,4 ;
P_Q 2,3 2,4 3,4 4,4 5,4 ;
P_Q 3,3 3,4 4,4 5,4 6,4 ;
P_Q 4,3 4,4 5,4 6,4 7,4 ;
P_Q 5,3 5,4 6,4 7,4 8,4 ;
P_Q 6,3 6,4 7,4 8,4 9,4 ;
P_Q 7,3 7,4 8,4 9,4 10,4 ;
P_R 1,0 2,0 0,1 1,1 1,2 ;
P_R 2,0 3,0 1,1 2,1 2,2 ;
P_R 3,0 4,0 2,1 3,1 3,2 ;
P_R 4,0 5,0 3,1 4,1 4,2 ;
P_R 5,0 6,0 4,1 5,1 5,2 ;
P_R 6,0 7,0 5,1 6,1 6,2 ;
P_R 7,0 8,0 6,1 7,1 7,2 ;
P_R 8,0 9,0 7,1 8,1 8,2 ;
P_R 9,0 10,0 8,1 9,1 9,2 ;
P_R 1,1 2,1 0,2 1,2 1,3 ;
P_R 2,1 3,1 1,2 2,2 2,3 ;
P_R 3,1 4,1 2,2 3,2 3,3 ;
P_R 4,1 5,1 3,2 4,2 4,3 ;
P_R 5,1 6,1 4,2 5,2 5,3 ;
P_R 6,1 7,1 5,2 6,2 6,3 ;
P_R 7,1 8,1 6,2 7,2 7,3 ;
P_R 8,1 9,1 7,2 8,2 8,3 ;
P_R 9,1 10,1 8,2 9,2 9,3 ;
P_R 1,2 2,2 0,3 1,3 1,4 ;
P_R 2,2 3,2 1,3 2,3 2,4 ;
P_R 3,2 4,2 2,3 3,3 3,4 ;
P_R 4,2 5,2 3,3 4,3 4,4 ;
P_R 5,2 6,2 4,3 5,3 5,4 ;
P_R 6,2 7,2 5,3 6,3 6,4 ;
P_R 7,2 8,2 6,3 7,3 7,4 ;
P_R 8,2 9,2 7,3 8,3 8,4 ;
P_R 9,2 10,2 8,3 9,3 9,4 ;
P_R 1,0 0,1 1,1 2,1 2,2 ;
P_R 2,0 1,1 2,1 3,1 3,2 ;
P_R 3,0 2,1 3,1 4,1 4,2 ;
P_R 4,0 3,1 4,1 5,1 5,2 ;
P_R 5,0 4,1 5,1 6,1 6,2 ;
P_R 6,0 5,1 6,1 7,1 7,2 ;
P_R 7,0 6,1 7,1 8,1 8,2 ;
P_R 8,0 7,1 8,1 9,1 9,2 ;
P_R 9,0 8,1 9,1 10,1 10,2 ;
P_R 1,1 0,2 1,2 2,2 2,3 ;
P_R 2,1 1,2 2,2 3,2 3,3 ;
P_R 3,1 2,2 3,2 4,2 4,3 ;
P_R 4,1 3,2 4,2 5,2 5,3 ;
P_R 5,1 4,2 5,2 6,2 6,3 ;
P_R 6,1 5,2 6,2 7,2 7,3 ;
P_R 7,1 6,2 7,2 8,2 8,3 ;
P_R 8,1 7,2 8,2 9,2 9,3 ;
P_R 9,1 8,2 9,2 10,2 10,3 ;
P_R 1,2 0,3 1,3 2,3 2,4 ;
P_R 2,2 1,3 2,3 3,3 3,4 ;
P_R 3,2 2,3 3,3 4,3 4,4 ;
P_R 4,2 3,3 4,3 5,3 5,4 ;
P_R 5,2 4,3 5,3 6,3 6,4 ;
P_R 6,2 5,3 6,3 7,3 7,4 ;
P_R 7,2 6,3 7,3 8,3 8,4 ;
P_R 8,2 7,3 8,3 9,3 9,4 ;
P_R 9,2 8,3 9,3 10,3 10,4 ;
P_R 1,0 1,1 2,1 0,2 1,2 ;
P_R 2,0 2,1 3,1 1,2 2,2 ;
P_R 3,0 3,1 4,1 2,2 3,2 ;
P_R 4,0 4,1 5,1 3,2 4,2 ;
P_R 5,0 5,1 6,1 4,2 5,2 ;
P_R 6,0 6,1 7,1 5,2 6,2 ;
P_R 7,0 7,1 8,1 6,2 7,2 ;
P_R 8,0 8,1 9,1 7,2 8,2 ;
P_R 9,0 9,1 10,1 8,2 9,2 ;
P_R 1,1 1,2 2,2 0,3 1,3 ;
P_R 2,1 2,2 3,2 1,3 2,3 ;
P_R 3,1 3,2 4,2 2,3 3,3 ;
P_R 4,1 4,2 5,2 3,3 4,3 ;
P_R 5,1 5,2 6,2 4,3 5,3 ;
P_R 6,1 6,2 7,2 5,3 6,3 ;
P_R 7,1 7,2 8,2 6,3 7,3 ;
P_R 8,1 8,2 9,2 7,3 8,3 ;
P_R 9,1 9,2 10,2 8,3 9,3 ;
P_R 1,2 1,3 2,3 0,4 1,4 ;
P_R 2,2 2,3 3,3 1,4 2,4 ;
P_R 3,2 3,3 4,3 2,4 3,4 ;
P_R 4,2 4,3 5,3 3,4 4,4 ;
P_R 5,2 5,3 6,3 4,4 5,4 ;
P_R 6,2 6,3 7,3 5,4 6,4 ;
P_R 7,2 7,3 8,3 6,4 7,4 ;
P_R 8,2 8,3 9,3 7,4 8,4 ;
P_R 9,2 9,3 10,3 8,4 9,4 ;
P_R 2,0 0,1 1,1 2,1 1,2 ;
P_R 3,0 1,1 2,1 3,1 2,2 ;
P_R 4,0 2,1 3,1 4,1 3,2 ;
P_R 5,0 3,1 4,1 5,1 4,2 ;
P_R 6,0 4,1 5,1 6,1 5,2 ;
P_R 7,0 5,1 6,1 7,1 6,2 ;
P_R 8,0 6,1 7,1 8,1 7,2 ;
P_R 9,0 7,1 8,1 9,1 8,2 ;
P_R 10,0 8,1 9,1 10,1 9,2 ;
P_R 2,1 0,2 1,2 2,2 1,3 ;
P_R 3,1 1,2 2,2 3,2 2,3 ;
P_R 4,1 2,2 3,2 4,2 3,3 ;
P_R 5,1 3,2 4,2 5,2 4,3 ;
P_R 6,1 4,2 5,2 6,2 5,3 ;
P_R 7,1 5,2 6,2 7,2 6,3 ;
P_R 8,1 6,2 7,2 8,2 7,3 ;
P_R 9,1 7,2 8,2 9,2 8,3 ;
P_R 10,1 8,2 9,2 10,2 9,3 ;
P_R 2,2 0,3 1,3 2,3 1,4 ;
P_R 3,2 1,3 2,3 3,3 2,4 ;
P_R 4,2 2,3 3,3 4,3 3,4 ;
P_R 5,2 3,3 4,3 5,3 4,4 ;
P_R 6,2 4,3 5,3 6,3 5,4 ;
P_R 7,2 5,3 6,3 7,3 6,4 ;
P_R 8,2 6,3 7,3 8,3 7,4 ;
P_R 9,2 7,3 8,3 9,3 8,4 ;
P_R 10,2 8,3 9,3 10,3 9,4 ;
P_R 1,0 0,1 1,1 1,2 2,2 ;
P_R 2,0 1,1 2,1 2,2 3,2 ;
P_R 3,0 2,1 3,1 3,2 4,2 ;
P_R 4,0 3,1 4,1 4,2 5,2 ;
P_R 5,0 4,1 5,1 5,2 6,2 ;
P_R 6,0 5,1 6,1 6,2 7,2 ;
P_R 7,0 6,1 7,1 7,2 8,2 ;
P_R 8,0 7,1 8,1 8,2 9,2 ;
P_R 9,0 8,1 9,1 9,2 10,2 ;
P_R 1,1 0,2 1,2 1,3 2,3 ;
P_R 2,1 1,2 2,2 2,3 3,3 ;
P_R 3,1 2,2 3,2 3,3 4,3 ;
P_R 4,1 3,2 4,2 4,3 5,3 ;
P_R 5,1 4,2 5,2 5,3 6,3 ;
P_R 6,1 5,2 6,2 6,3 7,3 ;
P_R 7,1 6,2 7,2 7,3 8,3 ;
P_R 8,1 7,2 8,2 8,3 9,3 ;
P_R 9,1 8,2 9,2 9,3 10,3 ;
P_R 1,2 0,3 1,3 1,4 2,4 ;
P_R 2,2 1,3 2,3 2,4 3,4 ;
P_R 3,2 2,3 3,3 3,4 4,4 ;
P_R 4,2 3,3 4,3 4,4 5,4 ;
P_R 5,2 4,3 5,3 5,4 6,4 ;
P_R 6,2 5,3 6,3 6,4 7,4 ;
P_R 7,2 6,3 7,3 7,4 8,4 ;
P_R 8,2 7,3 8,3 8,4 9,4 ;
P_R 9,2 8,3 9,3 9,4 10,4 ;
P_R 1,0 0,1 1,1 2,1 0,2 ;
P_R 2,0 1,1 2,1 3,1 1,2 ;
P_R 3,0 2,1 3,1 4,1 2,2 ;
P_R 4,0 3,1 4,1 5,1 3,2 ;
P_R 5,0 4,1 5,1 6,1 4,2 ;
P_R 6,0 5,1 6,1 7,1 5,2 ;
P_R 7,0 6,1 7,1 8,1 6,2 ;
P_R 8,0 7,1 8,1 9,1 7,2 ;
P_R 9,0 8,1 9,1 10,1 8,2 ;
P_R 1,1 0,2 1,2 2,2 0,3 ;
P_R 2,1 1,2 2,2 3,2 1,3 ;
P_R 3,1 2,2 3,2 4,2 2,3 ;
P_R 4,1 3,2 4,2 5,2 3,3 ;
P_R 5,1 4,2 5,2 6,2 4,3 ;
P_R 6,1 5,2 6,2 7,2 5,3 ;
P_R 7,1 6,2 7,2 8,2 6,3 ;
P_R 8,1 7,2 8,2 9,2 7,3 ;
P_R 9,1 8,2 9,2 10,2 8,3 ;
P_R 1,2 0,3 1,3 2,3 0,4 ;
P_R 2,2 1,3 2,3 3,3 1,4 ;
P_R 3,2 2,3 3,3 4,3 2,4 ;
P_R 4,2 3,3 4,3 5,3 3,4 ;
P_R 5,2 4,3 5,3 6,3 4,4 ;
P_R 6,2 5,3 6,3 7,3 5,4 ;
P_R 7,2 6,3 7,3 8,3 6,4 ;
P_R 8,2 7,3 8,3 9,3 7,4 ;
P_R 9,2 8,3 9,3 10,3 8,4 ;
P_R 0,0 0,1 1,1 2,1 1,2 ;
P_R 1,0 1,1 2,1 3,1 2,2 ;
P_R 2,0 2,1 3,1 4,1 3,2 ;
P_R 3,0 3,1 4,1 5,1 4,2 ;
P_R 4,0 4,1 5,1 6,1 5,2 ;
P_R 5,0 5,1 6,1 7,1 6,2 ;
P_R 6,0 6,1 7,1 8,1 7,2 ;
P_R 7,0 7,1 8,1 9,1 8,2 ;
P_R 8,0 8,1 9,1 10,1 9,2 ;
P_R 0,1 0,2 1,2 2,2 1,3 ;
P_R 1,1 1,2 2,2 3,2 2,3 ;
P_R 2,1 2,2 3,2 4,2 3,3 ;
P_R 3,1 3,2 4,2 5,2 4,3 ;
P_R 4,1 4,2 5,2 6,2 5,3 ;
P_R 5,1 5,2 6,2 7,2 6,3 ;
P_R 6,1 6,2 7,2 8,2 7,3 ;
P_R 7,1 7,2 8,2 9,2 8,3 ;
P_R 8,1 8,2 9,2 10,2 9,3 ;
P_R 0,2 0,3 1,3 2,3 1,4 ;
P_R 1,2 1,3 2,3 3,3 2,4 ;
P_R 2,2 2,3 3,3 4,3 3,4 ;
P_R 3,2 3,3 4,3 5,3 4,4 ;
P_R 4,2 4,3 5,3 6,3 5,4 ;
P_R 5,2 5,3 6,3 7,3 6,4 ;
P_R 6,2 6,3 7,3 8,3 7,4 ;
P_R 7,2 7,3 8,3 9,3 8,4 ;
P_R 8,2 8,3 9,3 10,3 9,4 ;
P_R 0,0 1,0 1,1 2,1 1,2 ;
P_R 1,0 2,0 2,1 3,1 2,2 ;
P_R 2,0 3,0 3,1 4,1 3,2 ;
P_R 3,0 4,0 4,1 5,1 4,2 ;
P_R 4,0 5,0 5,1 6,1 5,2 ;
P_R 5,0 6,0 6,1 7,1 6,2 ;
P_R 6,0 7,0 7,1 8,1 7,2 ;
P_R 7,0 8,0 8,1 9,1 8,2 ;
P_R 8,0 9,0 9,1 10,1 9,2 ;
P_R 0,1 1,1 1,2 2,2 1,3 ;
P_R 1,1 2,1 2,2 3,2 2,3 ;
P_R 2,1 3,1 3,2 4,2 3,3 ;
P_R 3,1 4,1 4,2 5,2 4,3 ;
P_R 4,1 5,1 5,2 6,2 5,3 ;
P_R 5,1 6,1 6,2 7,2 6,3 ;
P_R 6,1 7,1 7,2 8,2 7,3 ;
P_R 7,1 8,1 8,2 9,2 8,3 ;
P_R 8,1 9,1 9,2 10,2 9,3 ;
P_R 0,2 1,2 1,3 2,3 1,4 ;
P_R 1,2 2,2 2,3 3,3 2,4 ;
P_R 2,2 3,2 3,3 4,3 3,4 ;
P_R 3,2 4,2 4,3 5,3 4,4 ;
P_R 4,2 5,2 5,3 6,3 5,4 ;
P_R 5,2 6,2 6,3 7,3 6,4 ;
P_R 6,2 7,2 7,3 8,3 7,4 ;
P_R 7,2 8,2 8,3 9,3 8,4 ;
P_R 8,2 9,2 9,3 10,3 9,4 ;
P_S 1,0 1,1 0,2 1,2 0,3 ;
P_S 2,0 2,1 1,2 2,2 1,3 ;
P_S 3,0 3,1 2,2 3,2 2,3 ;
P_S 4,0 4,1 3,2 4,2 3,3 ;
P_S 5,0 5,1 4,2 5,2 4,3 ;
P_S 6,0 6,1 5,2 6,2 5,3 ;
P_S 7,0 7,1 6,2 7,2 6,3 ;
P_S 8,0 8,1 7,2 8,2 7,3 ;
P_S 9,0 9,1 8,2 9,2 8,3 ;
P_S 10,0 10,1 9,2 10,2 9,3 ;
P_S 1,1 1,2 0,3 1,3 0,4 ;
P_S 2,1 2,2 1,3 2,3 1,4 ;
P_S 3,1 3,2 2,3 3,3 2,4 ;
P_S 4,1 4,2 3,3 4,3 3,4 ;
P_S 5,1 5,2 4,3 5,3 4,4 ;
P_S 6,1 6,2 5,3 6,3 5,4 ;
P_S 7,1 7,2 6,3 7,3 6,4 ;
P_S 8,1 8,2 7,3 8,3 7,4 ;
P_S 9,1 9,2 8,3 9,3 8,4 ;
P_S 10,1 10,2 9,3 10,3 9,4 ;
P_S 0,0 0,1 0,2 1,2 1,3 ;
P_S 1,0 1,1 1,2 2,2 2,3 ;
P_S 2,0 2,1 2,2 3,2 3,3 ;
P_S 3,0 3,1 3,2 4,2 4,3 ;
P_S 4,0 4,1 4,2 5,2 5,3 ;
P_S 5,0 5,1 5,2 6,2 6,3 ;
P_S 6,0 6,1 6,2 7,2 7,3 ;
P_S 7,0 7,1 7,2 8,2 8,3 ;
P_S 8,0 8,1 8,2 9,2 9,3 ;
P_S 9,0 9,1 9,2 10,2 10,3 ;
P_S 0,1 0,2 0,3 1,3 1,4 ;
P_S 1,1 1,2 1,3 2,3 2,4 ;
P_S 2,1 2,2 2,3 3,3 3,4 ;
P_S 3,1 3,2 3,3 4,3 4,4 ;
P_S 4,1 4,2 4,3 5,3 5,4 ;
P_S 5,1 5,2 5,3 6,3 6,4 ;
P_S 6,1 6,2 6,3 7,3 7,4 ;
P_S 7,1 7,2 7,3 8,3 8,4 ;
P_S 8,1 8,2 8,3 9,3 9,4 ;
P_S 9,1 9,2 9,3 10,3 10,4 ;
P_S 0,0 0,1 1,1 1,2 1,3 ;
P_S 1,0 1,1 2,1 2,2 2,3 ;
P_S 2,0 2,1 3,1 3,2 3,3 ;
P_S 3,0 3,1 4,1 4,2 4,3 ;
P_S 4,0 4,1 5,1 5,2 5,3 ;
P_S 5,0 5,1 6,1 6,2 6,3 ;
P_S 6,0 6,1 7,1 7,2 7,3 ;
P_S 7,0 7,1 8,1 8,2 8,3 ;
P_S 8,0 8,1 9,1 9,2 9,3 ;
P_S 9,0 9,1 10,1 10,2 10,3 ;
P_S 0,1 0,2 1,2 1,3 1,4 ;
P_S 1,1 1,2 2,2 2,3 2,4 ;
P_S 2,1 2,2 3,2 3,3 3,4 ;
P_S 3,1 3,2 4,2 4,3 4,4 ;
P_S 4,1 4,2 5,2 5,3 5,4 ;
P_S 5,1 5,2 6,2 6,3 6,4 ;
P_S 6,1 6,2 7,2 7,3 7,4 ;
P_S 7,1 7,2 8,2 8,3 8,4 ;
P_S 8,1 8,2 9,2 9,3 9,4 ;
P_S 9,1 9,2 10,2 10,3 10,4 ;
P_S 1,0 0,1 1,1 0,2 0,3 ;
P_S 2,0 1,1 2,1 1,2 1,3 ;
P_S 3,0 2,1 3,1 2,2 2,3 ;
P_S 4,0 3,1 4,1 3,2 3,3 ;
P_S 5,0 4,1 5,1 4,2 4,3 ;
P_S 6,0 5,1 6,1 5,2 5,3 ;
P_S 7,0 6,1 7,1 6,2 6,3 ;
P_S 8,0 7,1 8,1 7,2 7,3 ;
P_S 9,0 8,1 9,1 8,2 8,3 ;
P_S 10,0 9,1 10,1 9,2 9,3 ;
P_S 1,1 0,2 1,2 0,3 0,4 ;
P_S 2,1 1,2 2,2 1,3 1,4 ;
P_S 3,1 2,2 3,2 2,3 2,4 ;
P_S 4,1 3,2 4,2 3,3 3,4 ;
P_S 5,1 4,2 5,2 4,3 4,4 ;
P_S 6,1 5,2 6,2 5,3 5,4 ;
P_S 7,1 6,2 7,2 6,3 6,4 ;
P_S 8,1 7,2 8,2 7,3 7,4 ;
P_S 9,1 8,2 9,2 8,3 8,4 ;
P_S 10,1 9,2 10,2 9,3 9,4 ;
P_S 2,0 3,0 0,1 1,1 2,1 ;
P_S 3,0 4,0 1,1 2,1 3,1 ;
P_S 4,0 5,0 2,1 3,1 4,1 ;
P_S 5,0 6,0 3,1 4,1 5,1 ;
P_S 6,0 7,0 4,1 5,1 6,1 ;
P_S 7,0 8,0 5,1 6,1 7,1 ;
P_S 8,0 9,0 6,1 7,1 8,1 ;
P_S 9,0 10,0 7,1 8,1 9,1 ;
P_S 2,1 3,1 0,2 1,2 2,2 ;
P_S 3,1 4,1 1,2 2,2 3,2 ;
P_S 4,1 5,1 2,2 3,2 4,2 ;
P_S 5,1 6,1 3,2 4,2 5,2 ;
P_S 6,1 7,1 4,2 5,2 6,2 ;
P_S 7,1 8,1 5,2 6,2 7,2 ;
P_S 8,1 9,1 6,2 7,2 8,2 ;
P_S 9,1 10,1 7,2 8,2 9,2 ;
P_S 2,2 3,2 0,3 1,3 2,3 ;
P_S 3,2 4,2 1,3 2,3 3,3 ;
P_S 4,2 5,2 2,3 3,3 4,3 ;
P_S 5,2 6,2 3,3 4,3 5,3 ;
P_S 6,2 7,2 4,3 5,3 6,3 ;
P_S 7,2 8,2 5,3 6,3 7,3 ;
P_S 8,2 9,2 6,3 7,3 8,3 ;
P_S 9,2 10,2 7,3 8,3 9,3 ;
P_S 2,3 3,3 0,4 1,4 2,4 ;
P_S 3,3 4,3 1,4 2,4 3,4 ;
P_S 4,3 5,3 2,4 3,4 4,4 ;
P_S 5,3 6,3 3,4 4,4 5,4 ;
P_S 6,3 7,3 4,4 5,4 6,4 ;
P_S 7,3 8,3 5,4 6,4 7,4 ;
P_S 8,3 9,3 6,4 7,4 8,4 ;
P_S 9,3 10,3 7,4 8,4 9,4 ;
P_S 1,0 2,0 3,0 0,1 1,1 ;
P_S 2,0 3,0 4,0 1,1 2,1 ;
P_S 3,0 4,0 5,0 2,1 3,1 ;
P_S 4,0 5,0 6,0 3,1 4,1 ;
P_S 5,0 6,0 7,0 4,1 5,1 ;
P_S 6,0 7,0 8,0 5,1 6,1 ;
P_S 7,0 8,0 9,0 6,1 7,1 ;
P_S 8,0 9,0 10,0 7,1 8,1 ;
P_S 1,1 2,1 3,1 0,2 1,2 ;
P_S 2,1 3,1 4,1 1,2 2,2 ;
P_S 3,1 4,1 5,1 2,2 3,2 ;
P_S 4,1 5,1 6,1 3,2 4,2 ;
P_S 5,1 6,1 7,1 4,2 5,2 ;
P_S 6,1 7,1 8,1 5,2 6,2 ;
P_S 7,1 8,1 9,1 6,2 7,2 ;
P_S 8,1 9,1 10,1 7,2 8,2 ;
P_S 1,2 2,2 3,2 0,3 1,3 ;
P_S 2,2 3,2 4,2 1,3 2,3 ;
P_S 3,2 4,2 5,2 2,3 3,3 ;
P_S 4,2 5,2 6,2 3,3 4,3 ;
P_S 5,2 6,2 7,2 4,3 5,3 ;
P_S 6,2 7,2 8,2 5,3 6,3 ;
P_S 7,2 8,2 9,2 6,3 7,3 ;
P_S 8,2 9,2 10,2 7,3 8,3 ;
P_S 1,3 2,3 3,3 0,4 1,4 ;
P_S 2,3 3,3 4,3 1,4 2,4 ;
P_S 3,3 4,3 5,3 2,4 3,4 ;
P_S 4,3 5,3 6,3 3,4 4,4 ;
P_S 5,3 6,3 7,3 4,4 5,4 ;
P_S 6,3 7,3 8,3 5,4 6,4 ;
P_S 7,3 8,3 9,3 6,4 7,4 ;
P_S 8,3 9,3 10,3 7,4 8,4 ;
P_S 0,0 1,0 1,1 2,1 3,1 ;
P_S 1,0 2,0 2,1 3,1 4,1 ;
P_S 2,0 3,0 3,1 4,1 5,1 ;
P_S 3,0 4,0 4,1 5,1 6,1 ;
P_S 4,0 5,0 5,1 6,1 7,1 ;
P_S 5,0 6,0 6,1 7,1 8,1 ;
P_S 6,0 7,0 7,1 8,1 9,1 ;
P_S 7,0 8,0 8,1 9,1 10,1 ;
P_S 0,1 1,1 1,2 2,2 3,2 ;
P_S 1,1 2,1 2,2 3,2 4,2 ;
P_S 2,1 3,1 3,2 4,2 5,2 ;
P_S 3,1 4,1 4,2 5,2 6,2 ;
P_S 4,1 5,1 5,2 6,2 7,2 ;
P_S 5,1 6,1 6,2 7,2 8,2 ;
P_S 6,1 7,1 7,2 8,2 9,2 ;
P_S 7,1 8,1 8,2 9,2 10,2 ;
P_S 0,2 1,2 1,3 2,3 3,3 ;
P_S 1,2 2,2 2,3 3,3 4,3 ;
P_S 2,2 3,2 3,3 4,3 5,3 ;
P_S 3,2 4,2 4,3 5,3 6,3 ;
P_S 4,2 5,2 5,3 6,3 7,3 ;
P_S 5,2 6,2 6,3 7,3 8,3 ;
P_S 6,2 7,2 7,3 8,3 9,3 ;
P_S 7,2 8,2 8,3 9,3 10,3 ;
P_S 0,3 1,3 1,4 2,4 3,4 ;
P_S 1,3 2,3 2,4 3,4 4,4 ;
P_S 2,3 3,3 3,4 4,4 5,4 ;
P_S 3,3 4,3 4,4 5,4 6,4 ;
P_S 4,3 5,3 5,4 6,4 7,4 ;
P_S 5,3 6,3 6,4 7,4 8,4 ;
P_S 6,3 7,3 7,4 8,4 9,4 ;
P_S 7,3 8,3 8,4 9,4 10,4 ;
P_S 0,0 1,0 2,0 2,1 3,1 ;
P_S 1,0 2,0 3,0 3,1 4,1 ;
P_S 2,0 3,0 4,0 4,1 5,1 ;
P_S 3,0 4,0 5,0 5,1 6,1 ;
P_S 4,0 5,0 6,0 6,1 7,1 ;
P_S 5,0 6,0 7,0 7,1 8,1 ;
P_S 6,0 7,0 8,0 8,1 9,1 ;
P_S 7,0 8,0 9,0 9,1 10,1 ;
P_S 0,1 1,1 2,1 2,2 3,2 ;
P_S 1,1 2,1 3,1 3,2 4,2 ;
P_S 2,1 3,1 4,1 4,2 5,2 ;
P_S 3,1 4,1 5,1 5,2 6,2 ;
P_S 4,1 5,1 6,1 6,2 7,2 ;
P_S 5,1 6,1 7,1 7,2 8,2 ;
P_S 6,1 7,1 8,1 8,2 9,2 ;
P_S 7,1 8,1 9,1 9,2 10,2 ;
P_S 0,2 1,2 2,2 2,3 3,3 ;
P_S 1,2 2,2 3,2 3,3 4,3 ;
P_S 2,2 3,2 4,2 4,3 5,3 ;
P_S 3,2 4,2 5,2 5,3 6,3 ;
P_S 4,2 5,2 6,2 6,3 7,3 ;
P_S 5,2 6,2 7,2 7,3 8,3 ;
P_S 6,2 7,2 8,2 8,3 9,3 ;
P_S 7,2 8,2 9,2 9,3 10,3 ;
P_S 0,3 1,3 2,3 2,4 3,4 ;
P_S 1,3 2,3 3,3 3,4 4,4 ;
P_S 2,3 3,3 4,3 4,4 5,4 ;
P_S 3,3 4,3 5,3 5,4 6,4 ;
P_S 4,3 5,3 6,3 6,4 7,4 ;
P_S 5,3 6,3 7,3 7,4 8,4 ;
P_S 6,3 7,3 8,3 8,4 9,4 ;
P_S 7,3 8,3 9,3 9,4 10,4 ;
P_T 2,0 0,1 1,1 2,1 2,2 ;
P_T 3,0 1,1 2,1 3,1 3,2 ;
P_T 4,0 2,1 3,1 4,1 4,2 ;
P_T 5,0 3,1 4,1 5,1 5,2 ;
P_T 6,0 4,1 5,1 6,1 6,2 ;
P_T 7,0 5,1 6,1 7,1 7,2 ;
P_T 8,0 6,1 7,1 8,1 8,2 ;
P_T 9,0 7,1 8,1 9,1 9,2 ;
P_T 10,0 8,1 9,1 10,1 10,2 ;
P_T 2,1 0,2 1,2 2,2 2,3 ;
P_T 3,1 1,2 2,2 3,2 3,3 ;
P_T 4,1 2,2 3,2 4,2 4,3 ;
P_T 5,1 3,2 4,2 5,2 5,3 ;
P_T 6,1 4,2 5,2 6,2 6,3 ;
P_T 7,1 5,2 6,2 7,2 7,3 ;
P_T 8,1 6,2 7,2 8,2 8,3 ;
P_T 9,1 7,2 8,2 9,2 9,3 ;
P_T 10,1 8,2 9,2 10,2 10,3 ;
P_T 2,2 0,3 1,3 2,3 2,4 ;
P_T 3,2 1,3 2,3 3,3 3,4 ;
P_T 4,2 2,3 3,3 4,3 4,4 ;
P_T 5,2 3,3 4,3 5,3 5,4 ;
P_T 6,2 4,3 5,3 6,3 6,4 ;
P_T 7,2 5,3 6,3 7,3 7,4 ;
P_T 8,2 6,3 7,3 8,3 8,4 ;
P_T 9,2 7,3 8,3 9,3 9,4 ;
P_T 10,2 8,3 9,3 10,3 10,4 ;
P_T 1,0 1,1 0,2 1,2 2,2 ;
P_T 2,0 2,1 1,2 2,2 3,2 ;
P_T 3,0 3,1 2,2 3,2 4,2 ;
P_T 4,0 4,1 3,2 4,2 5,2 ;
P_T 5,0 5,1 4,2 5,2 6,2 ;
P_T 6,0 6,1 5,2 6,2 7,2 ;
P_T 7,0 7,1 6,2 7,2 8,2 ;
P_T 8,0 8,1 7,2 8,2 9,2 ;
P_T 9,0 9,1 8,2 9,2 10,2 ;
P_T 1,1 1,2 0,3 1,3 2,3 ;
P_T 2,1 2,2 1,3 2,3 3,3 ;
P_T 3,1 3,2 2,3 3,3 4,3 ;
P_T 4,1 4,2 3,3 4,3 5,3 ;
P_T 5,1 5,2 4,3 5,3 6,3 ;
P_T 6,1 6,2 5,3 6,3 7,3 ;
P_T 7,1 7,2 6,3 7,3 8,3 ;
P_T 8,1 8,2 7,3 8,3 9,3 ;
P_T 9,1 9,2 8,3 9,3 10,3 ;
P_T 1,2 1,3 0,4 1,4 2,4 ;
P_T 2,2 2,3 1,4 2,4 3,4 ;
P_T 3,2 3,3 2,4 3,4 4,4 ;
P_T 4,2 4,3 3,4 4,4 5,4 ;
P_T 5,2 5,3 4,4 5,4 6,4 ;
P_T 6,2 6,3 5,4 6,4 7,4 ;
P_T 7,2 7,3 6,4 7,4 8,4 ;
P_T 8,2 8,3 7,4 8,4 9,4 ;
P_T 9,2 9,3 8,4 9,4 10,4 ;
P_T 0,0 1,0 2,0 1,1 1,2 ;
P_T 1,0 2,0 3,0 2,1 2,2 ;
P_T 2,0 3,0 4,0 3,1 3,2 ;
P_T 3,0 4,0 5,0 4,1 4,2 ;
P_T 4,0 5,0 6,0 5,1 5,2 ;
P_T 5,0 6,0 7,0 6,1 6,2 ;
P_T 6,0 7,0 8,0 7,1 7,2 ;
P_T 7,0 8,0 9,0 8,1 8,2 ;
P_T 8,0 9,0 10,0 9,1 9,2 ;
P_T 0,1 1,1 2,1 1,2 1,3 ;
P_T 1,1 2,1 3,1 2,2 2,3 ;
P_T 2,1 3,1 4,1 3,2 3,3 ;
P_T 3,1 4,1 5,1 4,2 4,3 ;
P_T 4,1 5,1 6,1 5,2 5,3 ;
P_T 5,1 6,1 7,1 6,2 6,3 ;
P_T 6,1 7,1 8,1 7,2 7,3 ;
P_T 7,1 8,1 9,1 8,2 8,3 ;
P_T 8,1 9,1 10,1 9,2 9,3 ;
P_T 0,2 1,2 2,2 1,3 1,4 ;
P_T 1,2 2,2 3,2 2,3 2,4 ;
P_T 2,2 3,2 4,2 3,3 3,4 ;
P_T 3,2 4,2 5,2 4,3 4,4 ;
P_T 4,2 5,2 6,2 5,3 5,4 ;
P_T 5,2 6,2 7,2 6,3 6,4 ;
P_T 6,2 7,2 8,2 7,3 7,4 ;
P_T 7,2 8,2 9,2 8,3 8,4 ;
P_T 8,2 9,2 10,2 9,3 9,4 ;
P_T 0,0 0,1 1,1 2,1 0,2 ;
P_T 1,0 1,1 2,1 3,1 1,2 ;
P_T 2,0 2,1 3,1 4,1 2,2 ;
P_T 3,0 3,1 4,1 5,1 3,2 ;
P_T 4,0 4,1 5,1 6,1 4,2 ;
P_T 5,0 5,1 6,1 7,1 5,2 ;
P_T 6,0 6,1 7,1 8,1 6,2 ;
P_T 7,0 7,1 8,1 9,1 7,2 ;
P_T 8,0 8,1 9,1 10,1 8,2 ;
P_T 0,1 0,2 1,2 2,2 0,3 ;
P_T 1,1 1,2 2,2 3,2 1,3 ;
P_T 2,1 2,2 3,2 4,2 2,3 ;
P_T 3,1 3,2 4,2 5,2 3,3 ;
P_T 4,1 4,2 5,2 6,2 4,3 ;
P_T 5,1 5,2 6,2 7,2 5,3 ;
P_T 6,1 6,2 7,2 8,2 6,3 ;
P_T 7,1 7,2 8,2 9,2 7,3 ;
P_T 8,1 8,2 9,2 10,2 8,3 ;
P_T 0,2 0,3 1,3 2,3 0,4 ;
P_T 1,2 1,3 2,3 3,3 1,4 ;
P_T 2,2 2,3 3,3 4,3 2,4 ;
P_T 3,2 3,3 4,3 5,3 3,4 ;
P_T 4,2 4,3 5,3 6,3 4,4 ;
P_T 5,2 5,3 6,3 7,3 5,4 ;
P_T 6,2 6,3 7,3 8,3 6,4 ;
P_T 7,2 7,3 8,3 9,3 7,4 ;
P_T 8,2 8,3 9,3 10,3 8,4 ;
P_U 0,0 1,0 1,1 0,2 1,2 ;
P_U 1,0 2,0 2,1 1,2 2,2 ;
P_U 2,0 3,0 3,1 2,2 3,2 ;
P_U 3,0 4,0 4,1 3,2 4,2 ;
P_U 4,0 5,0 5,1 4,2 5,2 ;
P_U 5,0 6,0 6,1 5,2 6,2 ;
P_U 6,0 7,0 7,1 6,2 7,2 ;
P_U 7,0 8,0 8,1 7,2 8,2 ;
P_U 8,0 9,0 9,1 8,2 9,2 ;
P_U 9,0 10,0 10,1 9,2 10,2 ;
P_U 0,1 1,1 1,2 0,3 1,3 ;
P_U 1,1 2,1 2,2 1,3 2,3 ;
P_U 2,1 3,1 3,2 2,3 3,3 ;
P_U 3,1 4,1 4,2 3,3 4,3 ;
P_U 4,1 5,1 5,2 4,3 5,3 ;
P_U 5,1 6,1 6,2 5,3 6,3 ;
P_U 6,1 7,1 7,2 6,3 7,3 ;
P_U 7,1 8,1 8,2 7,3 8,3 ;
P_U 8,1 9,1 9,2 8,3 9,3 ;
P_U 9,1 10,1 10,2 9,3 10,3 ;
P_U 0,2 1,2 1,3 0,4 1,4 ;
P_U 1,2 2,2 2,3 1,4 2,4 ;
P_U 2,2 3,2 3,3 2,4 3,4 ;
P_U 3,2 4,2 4,3 3,4 4,4 ;
P_U 4,2 5,2 5,3 4,4 5,4 ;
P_U 5,2 6,2 6,3 5,4 6,4 ;
P_U 6,2 7,2 7,3 6,4 7,4 ;
P_U 7,2 8,2 8,3 7,4 8,4 ;
P_U 8,2 9,2 9,3 8,4 9,4 ;
P_U 9,2 10,2 10,3 9,4 10,4 ;
P_U 0,0 1,0 2,0 0,1 2,1 ;
P_U 1,0 2,0 3,0 1,1 3,1 ;
P_U 2,0 3,0 4,0 2,1 4,1 ;
P_U 3,0 4,0 5,0 3,1 5,1 ;
P_U 4,0 5,0 6,0 4,1 6,1 ;
P_U 5,0 6,0 7,0 5,1 7,1 ;
P_U 6,0 7,0 8,0 6,1 8,1 ;
P_U 7,0 8,0 9,0 7,1 9,1 ;
P_U 8,0 9,0 10,0 8,1 10,1 ;
P_U 0,1 1,1 2,1 0,2 2,2 ;
P_U 1,1 2,1 3,1 1,2 3,2 ;
P_U 2,1 3,1 4,1 2,2 4,2 ;
P_U 3,1 4,1 5,1 3,2 5,2 ;
P_U 4,1 5,1 6,1 4,2 6,2 ;
P_U 5,1 6,1 7,1 5,2 7,2 ;
P_U 6,1 7,1 8,1 6,2 8,2 ;
P_U 7,1 8,1 9,1 7,2 9,2 ;
P_U 8,1 9,1 10,1 8,2 10,2 ;
P_U 0,2 1,2 2,2 0,3 2,3 ;
P_U 1,2 2,2 3,2 1,3 3,3 ;
P_U 2,2 3,2 4,2 2,3 4,3 ;
P_U 3,2 4,2 5,2 3,3 5,3 ;
P_U 4,2 5,2 6,2 4,3 6,3 ;
P_U 5,2 6,2 7,2 5,3 7,3 ;
P_U 6,2 7,2 8,2 6,3 8,3 ;
P_U 7,2 8,2 9,2 7,3 9,3 ;
P_U 8,2 9,2 10,2 8,3 10,3 ;
P_U 0,3 1,3 2,3 0,4 2,4 ;
P_U 1,3 2,3 3,3 1,4 3,4 ;
P_U 2,3 3,3 4,3 2,4 4,4 ;
P_U 3,3 4,3 5,3 3,4 5,4 ;
P_U 4,3 5,3 6,3 4,4 6,4 ;
P_U 5,3 6,3 7,3 5,4 7,4 ;
P_U 6,3 7,3 8,3 6,4 8,4 ;
P_U 7,3 8,3 9,3 7,4 9,4 ;
P_U 8,3 9,3 10,3 8,4 10,4 ;
P_U 0,0 1,0 0,1 0,2 1,2 ;
P_U 1,0 2,0 1,1 1,2 2,2 ;
P_U 2,0 3,0 2,1 2,2 3,2 ;
P_U 3,0 4,0 3,1 3,2 4,2 ;
P_U 4,0 5,0 4,1 4,2 5,2 ;
P_U 5,0 6,0 5,1 5,2 6,2 ;
P_U 6,0 7,0 6,1 6,2 7,2 ;
P_U 7,0 8,0 7,1 7,2 8,2 ;
P_U 8,0 9,0 8,1 8,2 9,2 ;
P_U 9,0 10,0 9,1 9,2 10,2 ;
P_U 0,1 1,1 0,2 0,3 1,3 ;
P_U 1,1 2,1 1,2 1,3 2,3 ;
P_U 2,1 3,1 2,2 2,3 3,3 ;
P_U 3,1 4,1 3,2 3,3 4,3 ;
P_U 4,1 5,1 4,2 4,3 5,3 ;
P_U 5,1 6,1 5,2 5,3 6,3 ;
P_U 6,1 7,1 6,2 6,3 7,3 ;
P_U 7,1 8,1 7,2 7,3 8,3 ;
P_U 8,1 9,1 8,2 8,3 9,3 ;
P_U 9,1 10,1 9,2 9,3 10,3 ;
P_U 0,2 1,2 0,3 0,4 1,4 ;
P_U 1,2 2,2 1,3 1,4 2,4 ;
P_U 2,2 3,2 2,3 2,4 3,4 ;
P_U 3,2 4,2 3,3 3,4 4,4 ;
P_U 4,2 5,2 4,3 4,4 5,4 ;
P_U 5,2 6,2 5,3 5,4 6,4 ;
P_U 6,2 7,2 6,3 6,4 7,4 ;
P_U 7,2 8,2 7,3 7,4 8,4 ;
P_U 8,2 9,2 8,3 8,4 9,4 ;
P_U 9,2 10,2 9,3 9,4 10,4 ;
P_U 0,0 2,0 0,1 1,1 2,1 ;
P_U 1,0 3,0 1,1 2,1 3,1 ;
P_U 2,0 4,0 2,1 3,1 4,1 ;
P_U 3,0 5,0 3,1 4,1 5,1 ;
P_U 4,0 6,0 4,1 5,1 6,1 ;
P_U 5,0 7,0 5,1 6,1 7,1 ;
P_U 6,0 8,0 6,1 7,1 8,1 ;
P_U 7,0 9,0 7,1 8,1 9,1 ;
P_U 8,0 10,0 8,1 9,1 10,1 ;
P_U 0,1 2,1 0,2 1,2 2,2 ;
P_U 1,1 3,1 1,2 2,2 3,2 ;
P_U 2,1 4,1 2,2 3,2 4,2 ;
P_U 3,1 5,1 3,2 4,2 5,2 ;
P_U 4,1 6,1 4,2 5,2 6,2 ;
P_U 5,1 7,1 5,2 6,2 7,2 ;
P_U 6,1 8,1 6,2 7,2 8,2 ;
P_U 7,1 9,1 7,2 8,2 9,2 ;
P_U 8,1 10,1 8,2 9,2 10,2 ;
P_U 0,2 2,2 0,3 1,3 2,3 ;
P_U 1,2 3,2 1,3 2,3 3,3 ;
P_U 2,2 4,2 2,3 3,3 4,3 ;
P_U 3,2 5,2 3,3 4,3 5,3 ;
P_U 4,2 6,2 4,3 5,3 6,3 ;
P_U 5,2 7,2 5,3 6,3 7,3 ;
P_U 6,2 8,2 6,3 7,3 8,3 ;
P_U 7,2 9,2 7,3 8,3 9,3 ;
P_U 8,2 10,2 8,3 9,3 10,3 ;
P_U 0,3 2,3 0,4 1,4 2,4 ;
P_U 1,3 3,3 1,4 2,4 3,4 ;
P_U 2,3 4,3 2,4 3,4 4,4 ;
P_U 3,3 5,3 3,4 4,4 5,4 ;
P_U 4,3 6,3 4,4 5,4 6,4 ;
P_U 5,3 7,3 5,4 6,4 7,4 ;
P_U 6,3 8,3 6,4 7,4 8,4 ;
P_U 7,3 9,3 7,4 8,4 9,4 ;
P_U 8,3 10,3 8,4 9,4 10,4 ;
P_V 2,0 2,1 0,2 1,2 2,2 ;
P_V 3,0 3,1 1,2 2,2 3,2 ;
P_V 4,0 4,1 2,2 3,2 4,2 ;
P_V 5,0 5,1 3,2 4,2 5,2 ;
P_V 6,0 6,1 4,2 5,2 6,2 ;
P_V 7,0 7,1 5,2 6,2 7,2 ;
P_V 8,0 8,1 6,2 7,2 8,2 ;
P_V 9,0 9,1 7,2 8,2 9,2 ;
P_V 10,0 10,1 8,2 9,2 10,2 ;
P_V 2,1 2,2 0,3 1,3 2,3 ;
P_V 3,1 3,2 1,3 2,3 3,3 ;
P_V 4,1 4,2 2,3 3,3 4,3 ;
P_V 5,1 5,2 3,3 4,3 5,3 ;
P_V 6,1 6,2 4,3 5,3 6,3 ;
P_V 7,1 7,2 5,3 6,3 7,3 ;
P_V 8,1 8,2 6,3 7,3 8,3 ;
P_V 9,1 9,2 7,3 8,3 9,3 ;
P_V 10,1 10,2 8,3 9,3 10,3 ;
P_V 2,2 2,3 0,4 1,4 2,4 ;
P_V 3,2 3,3 1,4 2,4 3,4 ;
P_V 4,2 4,3 2,4 3,4 4,4 ;
P_V 5,2 5,3 3,4 4,4 5,4 ;
P_V 6,2 6,3 4,4 5,4 6,4 ;
P_V 7,2 7,3 5,4 6,4 7,4 ;
P_V 8,2 8,3 6,4 7,4 8,4 ;
P_V 9,2 9,3 7,4 8,4 9,4 ;
P_V 10,2 10,3 8,4 9,4 10,4 ;
P_V 0,0 1,0 2,0 0,1 0,2 ;
P_V 1,0 2,0 3,0 1,1 1,2 ;
P_V 2,0 3,0 4,0 2,1 2,2 ;
P_V 3,0 4,0 5,0 3,1 3,2 ;
P_V 4,0 5,0 6,0 4,1 4,2 ;
P_V 5,0 6,0 7,0 5,1 5,2 ;
P_V 6,0 7,0 8,0 6,1 6,2 ;
P_V 7,0 8,0 9,0 7,1 7,2 ;
P_V 8,0 9,0 10,0 8,1 8,2 ;
P_V 0,1 1,1 2,1 0,2 0,3 ;
P_V 1,1 2,1 3,1 1,2 1,3 ;
P_V 2,1 3,1 4,1 2,2 2,3 ;
P_V 3,1 4,1 5,1 3,2 3,3 ;
P_V 4,1 5,1 6,1 4,2 4,3 ;
P_V 5,1 6,1 7,1 5,2 5,3 ;
P_V 6,1 7,1 8,1 6,2 6,3 ;
P_V 7,1 8,1 9,1 7,2 7,3 ;
P_V 8,1 9,1 10,1 8,2 8,3 ;
P_V 0,2 1,2 2,2 0,3 0,4 ;
P_V 1,2 2,2 3,2 1,3 1,4 ;
P_V 2,2 3,2 4,2 2,3 2,4 ;
P_V 3,2 4,2 5,2 3,3 3,4 ;
P_V 4,2 5,2 6,2 4,3 4,4 ;
P_V 5,2 6,2 7,2 5,3 5,4 ;
P_V 6,2 7,2 8,2 6,3 6,4 ;
P_V 7,2 8,2 9,2 7,3 7,4 ;
P_V 8,2 9,2 10,2 8,3 8,4 ;
P_V 0,0 1,0 2,0 2,1 2,2 ;
P_V 1,0 2,0 3,0 3,1 3,2 ;
P_V 2,0 3,0 4,0 4,1 4,2 ;
P_V 3,0 4,0 5,0 5,1 5,2 ;
P_V 4,0 5,0 6,0 6,1 6,2 ;
P_V 5,0 6,0 7,0 7,1 7,2 ;
P_V 6,0 7,0 8,0 8,1 8,2 ;
P_V 7,0 8,0 9,0 9,1 9,2 ;
P_V 8,0 9,0 10,0 10,1 10,2 ;
P_V 0,1 1,1 2,1 2,2 2,3 ;
P_V 1,1 2,1 3,1 3,2 3,3 ;
P_V 2,1 3,1 4,1 4,2 4,3 ;
P_V 3,1 4,1 5,1 5,2 5,3 ;
P_V 4,1 5,1 6,1 6,2 6,3 ;
P_V 5,1 6,1 7,1 7,2 7,3 ;
P_V 6,1 7,1 8,1 8,2 8,3 ;
P_V 7,1 8,1 9,1 9,2 9,3 ;
P_V 8,1 9,1 10,1 10,2 10,3 ;
P_V 0,2 1,2 2,2 2,3 2,4 ;
P_V 1,2 2,2 3,2 3,3 3,4 ;
P_V 2,2 3,2 4,2 4,3 4,4 ;
P_V 3,2 4,2 5,2 5,3 5,4 ;
P_V 4,2 5,2 6,2 6,3 6,4 ;
P_V 5,2 6,2 7,2 7,3 7,4 ;
P_V 6,2 7,2 8,2 8,3 8,4 ;
P_V 7,2 8,2 9,2 9,3 9,4 ;
P_V 8,2 9,2 10,2 10,3 10,4 ;
P_V 0,0 0,1 0,2 1,2 2,2 ;
P_V 1,0 1,1 1,2 2,2 3,2 ;
P_V 2,0 2,1 2,2 3,2 4,2 ;
P_V 3,0 3,1 3,2 4,2 5,2 ;
P_V 4,0 4,1 4,2 5,2 6,2 ;
P_V 5,0 5,1 5,2 6,2 7,2 ;
P_V 6,0 6,1 6,2 7,2 8,2 ;
P_V 7,0 7,1 7,2 8,2 9,2 ;
P_V 8,0 8,1 8,2 9,2 10,2 ;
P_V 0,1 0,2 0,3 1,3 2,3 ;
P_V 1,1 1,2 1,3 2,3 3,3 ;
P_V 2,1 2,2 2,3 3,3 4,3 ;
P_V 3,1 3,2 3,3 4,3 5,3 ;
P_V 4,1 4,2 4,3 5,3 6,3 ;
P_V 5,1 5,2 5,3 6,3 7,3 ;
P_V 6,1 6,2 6,3 7,3 8,3 ;
P_V 7,1 7,2 7,3 8,3 9,3 ;
P_V 8,1 8,2 8,3 9,3 10,3 ;
P_V 0,2 0,3 0,4 1,4 2,4 ;
P_V 1,2 1,3 1,4 2,4 3,4 ;
P_V 2,2 2,3 2,4 3,4 4,4 ;
P_V 3,2 3,3 3,4 4,4 5,4 ;
P_V 4,2 4,3 4,4 5,4 6,4 ;
P_V 5,2 5,3 5,4 6,4 7,4 ;
P_V 6,2 6,3 6,4 7,4 8,4 ;
P_V 7,2 7,3 7,4 8,4 9,4 ;
P_V 8,2 8,3 8,4 9,4 10,4 ;
P_W 1,0 2,0 0,1 1,1 0,2 ;
P_W 2,0 3,0 1,1 2,1 1,2 ;
P_W 3,0 4,0 2,1 3,1 2,2 ;
P_W 4,0 5,0 3,1 4,1 3,2 ;
P_W 5,0 6,0 4,1 5,1 4,2 ;
P_W 6,0 7,0 5,1 6,1 5,2 ;
P_W 7,0 8,0 6,1 7,1 6,2 ;
P_W 8,0 9,0 7,1 8,1 7,2 ;
P_W 9,0 10,0 8,1 9,1 8,2 ;
P_W 1,1 2,1 0,2 1,2 0,3 ;
P_W 2,1 3,1 1,2 2,2 1,3 ;
P_W 3,1 4,1 2,2 3,2 2,3 ;
P_W 4,1 5,1 3,2 4,2 3,3 ;
P_W 5,1 6,1 4,2 5,2 4,3 ;
P_W 6,1 7,1 5,2 6,2 5,3 ;
P_W 7,1 8,1 6,2 7,2 6,3 ;
P_W 8,1 9,1 7,2 8,2 7,3 ;
P_W 9,1 10,1 8,2 9,2 8,3 ;
P_W 1,2 2,2 0,3 1,3 0,4 ;
P_W 2,2 3,2 1,3 2,3 1,4 ;
P_W 3,2 4,2 2,3 3,3 2,4 ;
P_W 4,2 5,2 3,3 4,3 3,4 ;
P_W 5,2 6,2 4,3 5,3 4,4 ;
P_W 6,2 7,2 5,3 6,3 5,4 ;
P_W 7,2 8,2 6,3 7,3 6,4 ;
P_W 8,2 9,2 7,3 8,3 7,4 ;
P_W 9,2 10,2 8,3 9,3 8,4 ;
P_W 2,0 1,1 2,1 0,2 1,2 ;
P_W 3,0 2,1 3,1 1,2 2,2 ;
P_W 4,0 3,1 4,1 2,2 3,2 ;
P_W 5,0 4,1 5,1 3,2 4,2 ;
P_W 6,0 5,1 6,1 4,2 5,2 ;
P_W 7,0 6,1 7,1 5,2 6,2 ;
P_W 8,0 7,1 8,1 6,2 7,2 ;
P_W 9,0 8,1 9,1 7,2 8,2 ;
P_W 10,0 9,1 10,1 8,2 9,2 ;
P_W 2,1 1,2 2,2 0,3 1,3 ;
P_W 3,1 2,2 3,2 1,3 2,3 ;
P_W 4,1 3,2 4,2 2,3 3,3 ;
P_W 5,1 4,2 5,2 3,3 4,3 ;
P_W 6,1 5,2 6,2 4,3 5,3 ;
P_W 7,1 6,2 7,2 5,3 6,3 ;
P_W 8,1 7,2 8,2 6,3 7,3 ;
P_W 9,1 8,2 9,2 7,3 8,3 ;
P_W 10,1 9,2 10,2 8,3 9,3 ;
P_W 2,2 1,3 2,3 0,4 1,4 ;
P_W 3,2 2,3 3,3 1,4 2,4 ;
P_W 4,2 3,3 4,3 2,4 3,4 ;
P_W 5,2 4,3 5,3 3,4 4,4 ;
P_W 6,2 5,3 6,3 4,4 5,4 ;
P_W 7,2 6,3 7,3 5,4 6,4 ;
P_W 8,2 7,3 8,3 6,4 7,4 ;
P_W 9,2 8,3 9,3 7,4 8,4 ;
P_W 10,2 9,3 10,3 8,4 9,4 ;
P_W 0,0 0,1 1,1 1,2 2,2 ;
P_W 1,0 1,1 2,1 2,2 3,2 ;
P_W 2,0 2,1 3,1 3,2 4,2 ;
P_W 3,0 3,1 4,1 4,2 5,2 ;
P_W 4,0 4,1 5,1 5,2 6,2 ;
P_W 5,0 5,1 6,1 6,2 7,2 ;
P_W 6,0 6,1 7,1 7,2 8,2 ;
P_W 7,0 7,1 8,1 8,2 9,2 ;
P_W 8,0 8,1 9,1 9,2 10,2 ;
P_W 0,1 0,2 1,2 1,3 2,3 ;
P_W 1,1 1,2 2,2 2,3 3,3 ;
P_W 2,1 2,2 3,2 3,3 4,3 ;
P_W 3,1 3,2 4,2 4,3 5,3 ;
P_W 4,1 4,2 5,2 5,3 6,3 ;
P_W 5,1 5,2 6,2 6,3 7,3 ;
P_W 6,1 6,2 7,2 7,3 8,3 ;
P_W 7,1 7,2 8,2 8,3 9,3 ;
P_W 8,1 8,2 9,2 9,3 10,3 ;
P_W 0,2 0,3 1,3 1,4 2,4 ;
P_W 1,2 1,3 2,3 2,4 3,4 ;
P_W 2,2 2,3 3,3 3,4 4,4 ;
P_W 3,2 3,3 4,3 4,4 5,4 ;
P_W 4,2 4,3 5,3 5,4 6,4 ;
P_W 5,2 5,3 6,3 6,4 7,4 ;
P_W 6,2 6,3 7,3 7,4 8,4 ;
P_W 7,2 7,3 8,3 8,4 9,4 ;
P_W 8,2 8,3 9,3 9,4 10,4 ;
P_W 0,0 1,0 1,1 2,1 2,2 ;
P_W 1,0 2,0 2,1 3,1 3,2 ;
P_W 2,0 3,0 3,1 4,1 4,2 ;
P_W 3,0 4,0 4,1 5,1 5,2 ;
P_W 4,0 5,0 5,1 6,1 6,2 ;
P_W 5,0 6,0 6,1 7,1 7,2 ;
P_W 6,0 7,0 7,1 8,1 8,2 ;
P_W 7,0 8,0 8,1 9,1 9,2 ;
P_W 8,0 9,0 9,1 10,1 10,2 ;
P_W 0,1 1,1 1,2 2,2 2,3 ;
P_W 1,1 2,1 2,2 3,2 3,3 ;
P_W 2,1 3,1 3,2 4,2 4,3 ;
P_W 3,1 4,1 4,2 5,2 5,3 ;
P_W 4,1 5,1 5,2 6,2 6,3 ;
P_W 5,1 6,1 6,2 7,2 7,3 ;
P_W 6,1 7,1 7,2 8,2 8,3 ;
P_W 7,1 8,1 8,2 9,2 9,3 ;
P_W 8,1 9,1 9,2 10,2 10,3 ;
P_W 0,2 1,2 1,3 2,3 2,4 ;
P_W 1,2 2,2 2,3 3,3 3,4 ;
P_W 2,2 3,2 3,3 4,3 4,4 ;
P_W 3,2 4,2 4,3 5,3 5,4 ;
P_W 4,2 5,2 5,3 6,3 6,4 ;
P_W 5,2 6,2 6,3 7,3 7,4 ;
P_W 6,2 7,2 7,3 8,3 8,4 ;
P_W 7,2 8,2 8,3 9,3 9,4 ;
P_W 8,2 9,2 9,3 10,3 10,4 ;
P_X 1,0 0,1 1,1 2,1 1,2 ;
P_X 2,0 1,1 2,1 3,1 2,2 ;
P_X 3,0 2,1 3,1 4,1 3,2 ;
P_X 4,0 3,1 4,1 5,1 4,2 ;
P_X 5,0 4,1 5,1 6,1 5,2 ;
P_X 6,0 5,1 6,1 7,1 6,2 ;
P_X 7,0 6,1 7,1 8,1 7,2 ;
P_X 8,0 7,1 8,1 9,1 8,2 ;
P_X 9,0 8,1 9,1 10,1 9,2 ;
P_X 1,1 0,2 1,2 2,2 1,3 ;
P_X 2,1 1,2 2,2 3,2 2,3 ;
P_X 3,1 2,2 3,2 4,2 3,3 ;
P_X 4,1 3,2 4,2 5,2 4,3 ;
P_X 5,1 4,2 5,2 6,2 5,3 ;
P_X 6,1 5,2 6,2 7,2 6,3 ;
P_X 7,1 6,2 7,2 8,2 7,3 ;
P_X 8,1 7,2 8,2 9,2 8,3 ;
P_X 9,1 8,2 9,2 10,2 9,3 ;
P_X 1,2 0,3 1,3 2,3 1,4 ;
P_X 2,2 1,3 2,3 3,3 2,4 ;
P_X 3,2 2,3 3,3 4,3 3,4 ;
P_X 4,2 3,3 4,3 5,3 4,4 ;
P_X 5,2 4,3 5,3 6,3 5,4 ;
P_X 6,2 5,3 6,3 7,3 6,4 ;
P_X 7,2 6,3 7,3 8,3 7,4 ;
P_X 8,2 7,3 8,3 9,3 8,4 ;
P_X 9,2 8,3 9,3 10,3 9,4 ;
P_Y 0,0 0,1 0,2 1,2 0,3 ;
P_Y 1,0 1,1 1,2 2,2 1,3 ;
P_Y 2,0 2,1 2,2 3,2 2,3 ;
P_Y 3,0 3,1 3,2 4,2 3,3 ;
P_Y 4,0 4,1 4,2 5,2 4,3 ;
P_Y 5,0 5,1 5,2 6,2 5,3 ;
P_Y 6,0 6,1 6,2 7,2 6,3 ;
P_Y 7,0 7,1 7,2 8,2 7,3 ;
P_Y 8,0 8,1 8,2 9,2 8,3 ;
P_Y 9,0 9,1 9,2 10,2 9,3 ;
P_Y 0,1 0,2 0,3 1,3 0,4 ;
P_Y 1,1 1,2 1,3 2,3 1,4 ;
P_Y 2,1 2,2 2,3 3,3 2,4 ;
P_Y 3,1 3,2 3,3 4,3 3,4 ;
P_Y 4,1 4,2 4,3 5,3 4,4 ;
P_Y 5,1 5,2 5,3 6,3 5,4 ;
P_Y 6,1 6,2 6,3 7,3 6,4 ;
P_Y 7,1 7,2 7,3 8,3 7,4 ;
P_Y 8,1 8,2 8,3 9,3 8,4 ;
P_Y 9,1 9,2 9,3 10,3 9,4 ;
P_Y 2,0 0,1 1,1 2,1 3,1 ;
P_Y 3,0 1,1 2,1 3,1 4,1 ;
P_Y 4,0 2,1 3,1 4,1 5,1 ;
P_Y 5,0 3,1 4,1 5,1 6,1 ;
P_Y 6,0 4,1 5,1 6,1 7,1 ;
P_Y 7,0 5,1 6,1 7,1 8,1 ;
P_Y 8,0 6,1 7,1 8,1 9,1 ;
P_Y 9,0 7,1 8,1 9,1 10,1 ;
P_Y 2,1 0,2 1,2 2,2 3,2 ;
P_Y 3,1 1,2 2,2 3,2 4,2 ;
P_Y 4,1 2,2 3,2 4,2 5,2 ;
P_Y 5,1 3,2 4,2 5,2 6,2 ;
P_Y 6,1 4,2 5,2 6,2 7,2 ;
P_Y 7,1 5,2 6,2 7,2 8,2 ;
P_Y 8,1 6,2 7,2 8,2 9,2 ;
P_Y 9,1 7,2 8,2 9,2 10,2 ;
P_Y 2,2 0,3 1,3 2,3 3,3 ;
P_Y 3,2 1,3 2,3 3,3 4,3 ;
P_Y 4,2 2,3 3,3 4,3 5,3 ;
P_Y 5,2 3,3 4,3 5,3 6,3 ;
P_Y 6,2 4,3 5,3 6,3 7,3 ;
P_Y 7,2 5,3 6,3 7,3 8,3 ;
P_Y 8,2 6,3 7,3 8,3 9,3 ;
P_Y 9,2 7,3 8,3 9,3 10,3 ;
P_Y 2,3 0,4 1,4 2,4 3,4 ;
P_Y 3,3 1,4 2,4 3,4 4,4 ;
P_Y 4,3 2,4 3,4 4,4 5,4 ;
P_Y 5,3 3,4 4,4 5,4 6,4 ;
P_Y 6,3 4,4 5,4 6,4 7,4 ;
P_Y 7,3 5,4 6,4 7,4 8,4 ;
P_Y 8,3 6,4 7,4 8,4 9,4 ;
P_Y 9,3 7,4 8,4 9,4 10,4 ;
P_Y 0,0 1,0 2,0 3,0 2,1 ;
P_Y 1,0 2,0 3,0 4,0 3,1 ;
P_Y 2,0 3,0 4,0 5,0 4,1 ;
P_Y 3,0 4,0 5,0 6,0 5,1 ;
P_Y 4,0 5,0 6,0 7,0 6,1 ;
P_Y 5,0 6,0 7,0 8,0 7,1 ;
P_Y 6,0 7,0 8,0 9,0 8,1 ;
P_Y 7,0 8,0 9,0 10,0 9,1 ;
P_Y 0,1 1,1 2,1 3,1 2,2 ;
P_Y 1,1 2,1 3,1 4,1 3,2 ;
P_Y 2,1 3,1 4,1 5,1 4,2 ;
P_Y 3,1 4,1 5,1 6,1 5,2 ;
P_Y 4,1 5,1 6,1 7,1 6,2 ;
P_Y 5,1 6,1 7,1 8,1 7,2 ;
P_Y 6,1 7,1 8,1 9,1 8,2 ;
P_Y 7,1 8,1 9,1 10,1 9,2 ;
P_Y 0,2 1,2 2,2 3,2 2,3 ;
P_Y 1,2 2,2 3,2 4,2 3,3 ;
P_Y 2,2 3,2 4,2 5,2 4,3 ;
P_Y 3,2 4,2 5,2 6,2 5,3 ;
P_Y 4,2 5,2 6,2 7,2 6,3 ;
P_Y 5,2 6,2 7,2 8,2 7,3 ;
P_Y 6,2 7,2 8,2 9,2 8,3 ;
P_Y 7,2 8,2 9,2 10,2 9,3 ;
P_Y 0,3 1,3 2,3 3,3 2,4 ;
P_Y 1,3 2,3 3,3 4,3 3,4 ;
P_Y 2,3 3,3 4,3 5,3 4,4 ;
P_Y 3,3 4,3 5,3 6,3 5,4 ;
P_Y 4,3 5,3 6,3 7,3 6,4 ;
P_Y 5,3 6,3 7,3 8,3 7,4 ;
P_Y 6,3 7,3 8,3 9,3 8,4 ;
P_Y 7,3 8,3 9,3 10,3 9,4 ;
P_Y 1,0 0,1 1,1 1,2 1,3 ;
P_Y 2,0 1,1 2,1 2,2 2,3 ;
P_Y 3,0 2,1 3,1 3,2 3,3 ;
P_Y 4,0 3,1 4,1 4,2 4,3 ;
P_Y 5,0 4,1 5,1 5,2 5,3 ;
P_Y 6,0 5,1 6,1 6,2 6,3 ;
P_Y 7,0 6,1 7,1 7,2 7,3 ;
P_Y 8,0 7,1 8,1 8,2 8,3 ;
P_Y 9,0 8,1 9,1 9,2 9,3 ;
P_Y 10,0 9,1 10,1 10,2 10,3 ;
P_Y 1,1 0,2 1,2 1,3 1,4 ;
P_Y 2,1 1,2 2,2 2,3 2,4 ;
P_Y 3,1 2,2 3,2 3,3 3,4 ;
P_Y 4,1 3,2 4,2 4,3 4,4 ;
P_Y 5,1 4,2 5,2 5,3 5,4 ;
P_Y 6,1 5,2 6,2 6,3 6,4 ;
P_Y 7,1 6,2 7,2 7,3 7,4 ;
P_Y 8,1 7,2 8,2 8,3 8,4 ;
P_Y 9,1 8,2 9,2 9,3 9,4 ;
P_Y 10,1 9,2 10,2 10,3 10,4 ;
P_Y 0,0 0,1 1,1 0,2 0,3 ;
P_Y 1,0 1,1 2,1 1,2 1,3 ;
P_Y 2,0 2,1 3,1 2,2 2,3 ;
P_Y 3,0 3,1 4,1 3,2 3,3 ;
P_Y 4,0 4,1 5,1 4,2 4,3 ;
P_Y 5,0 5,1 6,1 5,2 5,3 ;
P_Y 6,0 6,1 7,1 6,2 6,3 ;
P_Y 7,0 7,1 8,1 7,2 7,3 ;
P_Y 8,0 8,1 9,1 8,2 8,3 ;
P_Y 9,0 9,1 10,1 9,2 9,3 ;
P_Y 0,1 0,2 1,2 0,3 0,4 ;
P_Y 1,1 1,2 2,2 1,3 1,4 ;
P_Y 2,1 2,2 3,2 2,3 2,4 ;
P_Y 3,1 3,2 4,2 3,3 3,4 ;
P_Y 4,1 4,2 5,2 4,3 4,4 ;
P_Y 5,1 5,2 6,2 5,3 5,4 ;
P_Y 6,1 6,2 7,2 6,3 6,4 ;
P_Y 7,1 7,2 8,2 7,3 7,4 ;
P_Y 8,1 8,2 9,2 8,3 8,4 ;
P_Y 9,1 9,2 10,2 9,3 9,4 ;
P_Y 0,0 1,0 2,0 3,0 1,1 ;
P_Y 1,0 2,0 3,0 4,0 2,1 ;
P_Y 2,0 3,0 4,0 5,0 3,1 ;
P_Y 3,0 4,0 5,0 6,0 4,1 ;
P_Y 4,0 5,0 6,0 7,0 5,1 ;
P_Y 5,0 6,0 7,0 8,0 6,1 ;
P_Y 6,0 7,0 8,0 9,0 7,1 ;
P_Y 7,0 8,0 9,0 10,0 8,1 ;
P_Y 0,1 1,1 2,1 3,1 1,2 ;
P_Y 1,1 2,1 3,1 4,1 2,2 ;
P_Y 2,1 3,1 4,1 5,1 3,2 ;
P_Y 3,1 4,1 5,1 6,1 4,2 ;
P_Y 4,1 5,1 6,1 7,1 5,2 ;
P_Y 5,1 6,1 7,1 8,1 6,2 ;
P_Y 6,1 7,1 8,1 9,1 7,2 ;
P_Y 7,1 8,1 9,1 10,1 8,2 ;
P_Y 0,2 1,2 2,2 3,2 1,3 ;
P_Y 1,2 2,2 3,2 4,2 2,3 ;
P_Y 2,2 3,2 4,2 5,2 3,3 ;
P_Y 3,2 4,2 5,2 6,2 4,3 ;
P_Y 4,2 5,2 6,2 7,2 5,3 ;
P_Y 5,2 6,2 7,2 8,2 6,3 ;
P_Y 6,2 7,2 8,2 9,2 7,3 ;
P_Y 7,2 8,2 9,2 10,2 8,3 ;
P_Y 0,3 1,3 2,3 3,3 1,4 ;
P_Y 1,3 2,3 3,3 4,3 2,4 ;
P_Y 2,3 3,3 4,3 5,3 3,4 ;
P_Y 3,3 4,3 5,3 6,3 4,4 ;
P_Y 4,3 5,3 6,3 7,3 5,4 ;
P_Y 5,3 6,3 7,3 8,3 6,4 ;
P_Y 6,3 7,3 8,3 9,3 7,4 ;
P_Y 7,3 8,3 9,3 10,3 8,4 ;
P_Y 1,0 0,1 1,1 2,1 3,1 ;
P_Y 2,0 1,1 2,1 3,1 4,1 ;
P_Y 3,0 2,1 3,1 4,1 5,1 ;
P_Y 4,0 3,1 4,1 5,1 6,1 ;
P_Y 5,0 4,1 5,1 6,1 7,1 ;
P_Y 6,0 5,1 6,1 7,1 8,1 ;
P_Y 7,0 6,1 7,1 8,1 9,1 ;
P_Y 8,0 7,1 8,1 9,1 10,1 ;
P_Y 1,1 0,2 1,2 2,2 3,2 ;
P_Y 2,1 1,2 2,2 3,2 4,2 ;
P_Y 3,1 2,2 3,2 4,2 5,2 ;
P_Y 4,1 3,2 4,2 5,2 6,2 ;
P_Y 5,1 4,2 5,2 6,2 7,2 ;
P_Y 6,1 5,2 6,2 7,2 8,2 ;
P_Y 7,1 6,2 7,2 8,2 9,2 ;
P_Y 8,1 7,2 8,2 9,2 10,2 ;
P_Y 1,2 0,3 1,3 2,3 3,3 ;
P_Y 2,2 1,3 2,3 3,3 4,3 ;
P_Y 3,2 2,3 3,3 4,3 5,3 ;
P_Y 4,2 3,3 4,3 5,3 6,3 ;
P_Y 5,2 4,3 5,3 6,3 7,3 ;
P_Y 6,2 5,3 6,3 7,3 8,3 ;
P_Y 7,2 6,3 7,3 8,3 9,3 ;
P_Y 8,2 7,3 8,3 9,3 10,3 ;
P_Y 1,3 0,4 1,4 2,4 3,4 ;
P_Y 2,3 1,4 2,4 3,4 4,4 ;
P_Y 3,3 2,4 3,4 4,4 5,4 ;
P_Y 4,3 3,4 4,4 5,4 6,4 ;
P_Y 5,3 4,4 5,4 6,4 7,4 ;
P_Y 6,3 5,4 6,4 7,4 8,4 ;
P_Y 7,3 6,4 7,4 8,4 9,4 ;
P_Y 8,3 7,4 8,4 9,4 10,4 ;
P_Y 1,0 1,1 0,2 1,2 1,3 ;
P_Y 2,0 2,1 1,2 2,2 2,3 ;
P_Y 3,0 3,1 2,2 3,2 3,3 ;
P_Y 4,0 4,1 3,2 4,2 4,3 ;
P_Y 5,0 5,1 4,2 5,2 5,3 ;
P_Y 6,0 6,1 5,2 6,2 6,3 ;
P_Y 7,0 7,1 6,2 7,2 7,3 ;
P_Y 8,0 8,1 7,2 8,2 8,3 ;
P_Y 9,0 9,1 8,2 9,2 9,3 ;
P_Y 10,0 10,1 9,2 10,2 10,3 ;
P_Y 1,1 1,2 0,3 1,3 1,4 ;
P_Y 2,1 2,2 1,3 2,3 2,4 ;
P_Y 3,1 3,2 2,3 3,3 3,4 ;
P_Y 4,1 4,2 3,3 4,3 4,4 ;
P_Y 5,1 5,2 4,3 5,3 5,4 ;
P_Y 6,1 6,2 5,3 6,3 6,4 ;
P_Y 7,1 7,2 6,3 7,3 7,4 ;
P_Y 8,1 8,2 7,3 8,3 8,4 ;
P_Y 9,1 9,2 8,3 9,3 9,4 ;
P_Y 10,1 10,2 9,3 10,3 10,4 ;
P_Z 2,0 0,1 1,1 2,1 0,2 ;
P_Z 3,0 1,1 2,1 3,1 1,2 ;
P_Z 4,0 2,1 3,1 4,1 2,2 ;
P_Z 5,0 3,1 4,1 5,1 3,2 ;
P_Z 6,0 4,1 5,1 6,1 4,2 ;
P_Z 7,0 5,1 6,1 7,1 5,2 ;
P_Z 8,0 6,1 7,1 8,1 6,2 ;
P_Z 9,0 7,1 8,1 9,1 7,2 ;
P_Z 10,0 8,1 9,1 10,1 8,2 ;
P_Z 2,1 0,2 1,2 2,2 0,3 ;
P_Z 3,1 1,2 2,2 3,2 1,3 ;
P_Z 4,1 2,2 3,2 4,2 2,3 ;
P_Z 5,1 3,2 4,2 5,2 3,3 ;
P_Z 6,1 4,2 5,2 6,2 4,3 ;
P_Z 7,1 5,2 6,2 7,2 5,3 ;
P_Z 8,1 6,2 7,2 8,2 6,3 ;
P_Z 9,1 7,2 8,2 9,2 7,3 ;
P_Z 10,1 8,2 9,2 10,2 8,3 ;
P_Z 2,2 0,3 1,3 2,3 0,4 ;
P_Z 3,2 1,3 2,3 3,3 1,4 ;
P_Z 4,2 2,3 3,3 4,3 2,4 ;
P_Z 5,2 3,3 4,3 5,3 3,4 ;
P_Z 6,2 4,3 5,3 6,3 4,4 ;
P_Z 7,2 5,3 6,3 7,3 5,4 ;
P_Z 8,2 6,3 7,3 8,3 6,4 ;
P_Z 9,2 7,3 8,3 9,3 7,4 ;
P_Z 10,2 8,3 9,3 10,3 8,4 ;
P_Z 1,0 2,0 1,1 0,2 1,2 ;
P_Z 2,0 3,0 2,1 1,2 2,2 ;
P_Z 3,0 4,0 3,1 2,2 3,2 ;
P_Z 4,0 5,0 4,1 3,2 4,2 ;
P_Z 5,0 6,0 5,1 4,2 5,2 ;
P_Z 6,0 7,0 6,1 5,2 6,2 ;
P_Z 7,0 8,0 7,1 6,2 7,2 ;
P_Z 8,0 9,0 8,1 7,2 8,2 ;
P_Z 9,0 10,0 9,1 8,2 9,2 ;
P_Z 1,1 2,1 1,2 0,3 1,3 ;
P_Z 2,1 3,1 2,2 1,3 2,3 ;
P_Z 3,1 4,1 3,2 2,3 3,3 ;
P_Z 4,1 5,1 4,2 3,3 4,3 ;
P_Z 5,1 6,1 5,2 4,3 5,3 ;
P_Z 6,1 7,1 6,2 5,3 6,3 ;
P_Z 7,1 8,1 7,2 6,3 7,3 ;
P_Z 8,1 9,1 8,2 7,3 8,3 ;
P_Z 9,1 10,1 9,2 8,3 9,3 ;
P_Z 1,2 2,2 1,3 0,4 1,4 ;
P_Z 2,2 3,2 2,3 1,4 2,4 ;
P_Z 3,2 4,2 3,3 2,4 3,4 ;
P_Z 4,2 5,2 4,3 3,4 4,4 ;
P_Z 5,2 6,2 5,3 4,4 5,4 ;
P_Z 6,2 7,2 6,3 5,4 6,4 ;
P_Z 7,2 8,2 7,3 6,4 7,4 ;
P_Z 8,2 9,2 8,3 7,4 8,4 ;
P_Z 9,2 10,2 9,3 8,4 9,4 ;
P_Z 0,0 1,0 1,1 1,2 2,2 ;
P_Z 1,0 2,0 2,1 2,2 3,2 ;
P_Z 2,0 3,0 3,1 3,2 4,2 ;
P_Z 3,0 4,0 4,1 4,2 5,2 ;
P_Z 4,0 5,0 5,1 5,2 6,2 ;
P_Z 5,0 6,0 6,1 6,2 7,2 ;
P_Z 6,0 7,0 7,1 7,2 8,2 ;
P_Z 7,0 8,0 8,1 8,2 9,2 ;
P_Z 8,0 9,0 9,1 9,2 10,2 ;
P_Z 0,1 1,1 1,2 1,3 2,3 ;
P_Z 1,1 2,1 2,2 2,3 3,3 ;
P_Z 2,1 3,1 3,2 3,3 4,3 ;
P_Z 3,1 4,1 4,2 4,3 5,3 ;
P_Z 4,1 5,1 5,2 5,3 6,3 ;
P_Z 5,1 6,1 6,2 6,3 7,3 ;
P_Z 6,1 7,1 7,2 7,3 8,3 ;
P_Z 7,1 8,1 8,2 8,3 9,3 ;
P_Z 8,1 9,1 9,2 9,3 10,3 ;
P_Z 0,2 1,2 1,3 1,4 2,4 ;
P_Z 1,2 2,2 2,3 2,4 3,4 ;
P_Z 2,2 3,2 3,3 3,4 4,4 ;
P_Z 3,2 4,2 4,3 4,4 5,4 ;
P_Z 4,2 5,2 5,3 5,4 6,4 ;
P_Z 5,2 6,2 6,3 6,4 7,4 ;
P_Z 6,2 7,2 7,3 7,4 8,4 ;
P_Z 7,2 8,2 8,3 8,4 9,4 ;
P_Z 8,2 9,2 9,3 9,4 10,4 ;
P_Z 0,0 0,1 1,1 2,1 2,2 ;
P_Z 1,0 1,1 2,1 3,1 3,2 ;
P_Z 2,0 2,1 3,1 4,1 4,2 ;
P_Z 3,0 3,1 4,1 5,1 5,2 ;
P_Z 4,0 4,1 5,1 6,1 6,2 ;
P_Z 5,0 5,1 6,1 7,1 7,2 ;
P_Z 6,0 6,1 7,1 8,1 8,2 ;
P_Z 7,0 7,1 8,1 9,1 9,2 ;
P_Z 8,0 8,1 9,1 10,1 10,2 ;
P_Z 0,1 0,2 1,2 2,2 2,3 ;
P_Z 1,1 1,2 2,2 3,2 3,3 ;
P_Z 2,1 2,2 3,2 4,2 4,3 ;
P_Z 3,1 3,2 4,2 5,2 5,3 ;
P_Z 4,1 4,2 5,2 6,2 6,3 ;
P_Z 5,1 5,2 6,2 7,2 7,3 ;
P_Z 6,1 6,2 7,2 8,2 8,3 ;
P_Z 7,1 7,2 8,2 9,2 9,3 ;
P_Z 8,1 8,2 9,2 10,2 10,3 ;
P_Z 0,2 0,3 1,3 2,3 2,4 ;
P_Z 1,2 1,3 2,3 3,3 3,4 ;
P_Z 2,2 2,3 3,3 4,3 4,4 ;
P_Z 3,2 3,3 4,3 5,3 5,4 ;
P_Z 4,2 4,3 5,3 6,3 6,4 ;
P_Z 5,2 5,3 6,3 7,3 7,4 ;
P_Z 6,2 6,3 7,3 8,3 8,4 ;
P_Z 7,2 7,3 8,3 9,3 9,4 ;
P_Z 8,2 8,3 9,3 10,3 10,4 ;