< 0,0 1,0 2,0 3,0 4,0 5,0 6,0 7,0 0,1 1,1 2,1 3,1 4,1 5,1 6,1 7,1 0,2 1,2 2,2 3,2 4,2 5,2 6,2 7,2 0,3 1,3 2,3 3,3 4,3 5,3 6,3 7,3 0,4 1,4 2,4 3,4 4,4 5,4 6,4 7,4 0,5 1,5 2,5 3,5 4,5 5,5 6,5 7,5 0,6 1,6 2,6 3,6 4,6 5,6 6,6 7,6 0,7 1,7 2,7 3,7 4,7 5,7 6,7 7,7 > [ P_O P_P P_Q P_R P_S P_T P_U P_V P_W P_X P_Y P_Z P_a ]
P_O 0,0 0,1 0,2 0,3 0,4 ;
P_O 1,0 1,1 1,2 1,3 1,4 ;
P_O 2,0 2,1 2,2 2,3 2,4 ;
P_O 3,0 3,1 3,2 3,3 3,4 ;
P_O 4,0 4,1 4,2 4,3 4,4 ;
P_O 5,0 5,1 5,2 5,3 5,4 ;
P_O 6,0 6,1 6,2 6,3 6,4 ;
P_O 7,0 7,1 7,2 7,3 7,4 ;
P_O 0,1 0,2 0,3 0,4 0,5 ;
P_O 1,1 1,2 1,3 1,4 1,5 ;
P_O 2,1 2,2 2,3 2,4 2,5 ;
P_O 3,1 3,2 3,3 3,4 3,5 ;
P_O 4,1 4,2 4,3 4,4 4,5 ;
P_O 5,1 5,2 5,3 5,4 5,5 ;
P_O 6,1 6,2 6,3 6,4 6,5 ;
P_O 7,1 7,2 7,3 7,4 7,5 ;
P_O 0,2 0,3 0,4 0,5 0,6 ;
P_O 1,2 1,3 1,4 1,5 1,6 ;
P_O 2,2 2,3 2,4 2,5 2,6 ;
P_O 3,2 3,3 3,4 3,5 3,6 ;
P_O 4,2 4,3 4,4 4,5 4,6 ;
P_O 5,2 5,3 5,4 5,5 5,6 ;
P_O 6,2 6,3 6,4 6,5 6,6 ;
P_O 7,2 7,3 7,4 7,5 7,6 ;
P_O 0,3 0,4 0,5 0,6 0,7 ;
P_O 1,3 1,4 1,5 1,6 1,7 ;
P_O 2,3 2,4 2,5 2,6 2,7 ;
P_O 3,3 3,4 3,5 3,6 3,7 ;
P_O 4,3 4,4 4,5 4,6 4,7 ;
P_O 5,3 5,4 5,5 5,6 5,7 ;
P_O 6,3 6,4 6,5 6,6 6,7 ;
P_O 7,3 7,4 7,5 7,6 7,7 ;
P_O 0,0 1,0 2,0 3,0 4,0 ;
P_O 1,0 2,0 3,0 4,0 5,0 ;
P_O 2,0 3,0 4,0 5,0 6,0 ;
P_O 3,0 4,0 5,0 6,0 7,0 ;
P_O 0,1 1,1 2,1 3,1 4,1 ;
P_O 1,1 2,1 3,1 4,1 5,1 ;
P_O 2,1 3,1 4,1 5,1 6,1 ;
P_O 3,1 4,1 5,1 6,1 7,1 ;
P_O 0,2 1,2 2,2 3,2 4,2 ;
P_O 1,2 2,2 3,2 4,2 5,2 ;
P_O 2,2 3,2 4,2 5,2 6,2 ;
P_O 3,2 4,2 5,2 6,2 7,2 ;
P_O 0,3 1,3 2,3 3,3 4,3 ;
P_O 1,3 2,3 3,3 4,3 5,3 ;
P_O 2,3 3,3 4,3 5,3 6,3 ;
P_O 3,3 4,3 5,3 6,3 7,3 ;
P_O 0,4 1,4 2,4 3,4 4,4 ;
P_O 1,4 2,4 3,4 4,4 5,4 ;
P_O 2,4 3,4 4,4 5,4 6,4 ;
P_O 3,4 4,4 5,4 6,4 7,4 ;
P_O 0,5 1,5 2,5 3,5 4,5 ;
P_O 1,5 2,5 3,5 4,5 5,5 ;
P_O 2,5 3,5 4,5 5,5 6,5 ;
P_O 3,5 4,5 5,5 6,5 7,5 ;
P_O 0,6 1,6 2,6 3,6 4,6 ;
P_O 1,6 2,6 3,6 4,6 5,6 ;
P_O 2,6 3,6 4,6 5,6 6,6 ;
P_O 3,6 4,6 5,6 6,6 7,6 ;
P_O 0,7 1,7 2,7 3,7 4,7 ;
P_O 1,7 2,7 3,7 4,7 5,7 ;
P_O 2,7 3,7 4,7 5,7 6,7 ;
P_O 3,7 4,7 5,7 6,7 7,7 ;
P_P 0,0 1,0 0,1 1,1 0,2 ;
P_P 1,0 2,0 1,1 2,1 1,2 ;
P_P 2,0 3,0 2,1 3,1 2,2 ;
P_P 3,0 4,0 3,1 4,1 3,2 ;
P_P 4,0 5,0 4,1 5,1 4,2 ;
P_P 5,0 6,0 5,1 6,1 5,2 ;
P_P 6,0 7,0 6,1 7,1 6,2 ;
P_P 0,1 1,1 0,2 1,2 0,3 ;
P_P 1,1 2,1 1,2 2,2 1,3 ;
P_P 2,1 3,1 2,2 3,2 2,3 ;
P_P 3,1 4,1 3,2 4,2 3,3 ;
P_P 4,1 5,1 4,2 5,2 4,3 ;
P_P 5,1 6,1 5,2 6,2 5,3 ;
P_P 6,1 7,1 6,2 7,2 6,3 ;
P_P 0,2 1,2 0,3 1,3 0,4 ;
P_P 1,2 2,2 1,3 2,3 1,4 ;
P_P 2,2 3,2 2,3 3,3 2,4 ;
P_P 3,2 4,2 3,3 4,3 3,4 ;
P_P 4,2 5,2 4,3 5,3 4,4 ;
P_P 5,2 6,2 5,3 6,3 5,4 ;
P_P 6,2 7,2 6,3 7,3 6,4 ;
P_P 0,3 1,3 0,4 1,4 0,5 ;
P_P 1,3 2,3 1,4 2,4 1,5 ;
P_P 2,3 3,3 2,4 3,4 2,5 ;
P_P 3,3 4,3 3,4 4,4 3,5 ;
P_P 4,3 5,3 4,4 5,4 4,5 ;
P_P 5,3 6,3 5,4 6,4 5,5 ;
P_P 6,3 7,3 6,4 7,4 6,5 ;
P_P 0,4 1,4 0,5 1,5 0,6 ;
P_P 1,4 2,4 1,5 2,5 1,6 ;
P_P 2,4 3,4 2,5 3,5 2,6 ;
P_P 3,4 4,4 3,5 4,5 3,6 ;
P_P 4,4 5,4 4,5 5,5 4,6 ;
P_P 5,4 6,4 5,5 6,5 5,6 ;
P_P 6,4 7,4 6,5 7,5 6,6 ;
P_P 0,5 1,5 0,6 1,6 0,7 ;
P_P 1,5 2,5 1,6 2,6 1,7 ;
P_P 2,5 3,5 2,6 3,6 2,7 ;
P_P 3,5 4,5 3,6 4,6 3,7 ;
P_P 4,5 5,5 4,6 5,6 4,7 ;
P_P 5,5 6,5 5,6 6,6 5,7 ;
P_P 6,5 7,5 6,6 7,6 6,7 ;
P_P 0,0 0,1 1,1 0,2 1,2 ;
P_P 1,0 1,1 2,1 1,2 2,2 ;
P_P 2,0 2,1 3,1 2,2 3,2 ;
P_P 3,0 3,1 4,1 3,2 4,2 ;
P_P 4,0 4,1 5,1 4,2 5,2 ;
P_P 5,0 5,1 6,1 5,2 6,2 ;
P_P 6,0 6,1 7,1 6,2 7,2 ;
P_P 0,1 0,2 1,2 0,3 1,3 ;
P_P 1,1 1,2 2,2 1,3 2,3 ;
P_P 2,1 2,2 3,2 2,3 3,3 ;
P_P 3,1 3,2 4,2 3,3 4,3 ;
P_P 4,1 4,2 5,2 4,3 5,3 ;
P_P 5,1 5,2 6,2 5,3 6,3 ;
P_P 6,1 6,2 7,2 6,3 7,3 ;
P_P 0,2 0,3 1,3 0,4 1,4 ;
P_P 1,2 1,3 2,3 1,4 2,4 ;
P_P 2,2 2,3 3,3 2,4 3,4 ;
P_P 3,2 3,3 4,3 3,4 4,4 ;
P_P 4,2 4,3 5,3 4,4 5,4 ;
P_P 5,2 5,3 6,3 5,4 6,4 ;
P_P 6,2 6,3 7,3 6,4 7,4 ;
P_P 0,3 0,4 1,4 0,5 1,5 ;
P_P 1,3 1,4 2,4 1,5 2,5 ;
P_P 2,3 2,4 3,4 2,5 3,5 ;
P_P 3,3 3,4 4,4 3,5 4,5 ;
P_P 4,3 4,4 5,4 4,5 5,5 ;
P_P 5,3 5,4 6,4 5,5 6,5 ;
P_P 6,3 6,4 7,4 6,5 7,5 ;
P_P 0,4 0,5 1,5 0,6 1,6 ;
P_P 1,4 1,5 2,5 1,6 2,6 ;
P_P 2,4 2,5 3,5 2,6 3,6 ;
P_P 3,4 3,5 4,5 3,6 4,6 ;
P_P 4,4 4,5 5,5 4,6 5,6 ;
P_P 5,4 5,5 6,5 5,6 6,6 ;
P_P 6,4 6,5 7,5 6,6 7,6 ;
P_P 0,5 0,6 1,6 0,7 1,7 ;
P_P 1,5 1,6 2,6 1,7 2,7 ;
P_P 2,5 2,6 3,6 2,7 3,7 ;
P_P 3,5 3,6 4,6 3,7 4,7 ;
P_P 4,5 4,6 5,6 4,7 5,7 ;
P_P 5,5 5,6 6,6 5,7 6,7 ;
P_P 6,5 6,6 7,6 6,7 7,7 ;
P_P 1,0 2,0 0,1 1,1 2,1 ;
P_P 2,0 3,0 1,1 2,1 3,1 ;
P_P 3,0 4,0 2,1 3,1 4,1 ;
P_P 4,0 5,0 3,1 4,1 5,1 ;
P_P 5,0 6,0 4,1 5,1 6,1 ;
P_P 6,0 7,0 5,1 6,1 7,1 ;
P_P 1,1 2,1 0,2 1,2 2,2 ;
P_P 2,1 3,1 1,2 2,2 3,2 ;
P_P 3,1 4,1 2,2 3,2 4,2 ;
P_P 4,1 5,1 3,2 4,2 5,2 ;
P_P 5,1 6,1 4,2 5,2 6,2 ;
P_P 6,1 7,1 5,2 6,2 7,2 ;
P_P 1,2 2,2 0,3 1,3 2,3 ;
P_P 2,2 3,2 1,3 2,3 3,3 ;
P_P 3,2 4,2 2,3 3,3 4,3 ;
P_P 4,2 5,2 3,3 4,3 5,3 ;
P_P 5,2 6,2 4,3 5,3 6,3 ;
P_P 6,2 7,2 5,3 6,3 7,3 ;
P_P 1,3 2,3 0,4 1,4 2,4 ;
P_P 2,3 3,3 1,4 2,4 3,4 ;
P_P 3,3 4,3 2,4 3,4 4,4 ;
P_P 4,3 5,3 3,4 4,4 5,4 ;
P_P 5,3 6,3 4,4 5,4 6,4 ;
P_P 6,3 7,3 5,4 6,4 7,4 ;
P_P 1,4 2,4 0,5 1,5 2,5 ;
P_P 2,4 3,4 1,5 2,5 3,5 ;
P_P 3,4 4,4 2,5 3,5 4,5 ;
P_P 4,4 5,4 3,5 4,5 5,5 ;
P_P 5,4 6,4 4,5 5,5 6,5 ;
P_P 6,4 7,4 5,5 6,5 7,5 ;
P_P 1,5 2,5 0,6 1,6 2,6 ;
P_P 2,5 3,5 1,6 2,6 3,6 ;
P_P 3,5 4,5 2,6 3,6 4,6 ;
P_P 4,5 5,5 3,6 4,6 5,6 ;
P_P 5,5 6,5 4,6 5,6 6,6 ;
P_P 6,5 7,5 5,6 6,6 7,6 ;
P_P 1,6 2,6 0,7 1,7 2,7 ;
P_P 2,6 3,6 1,7 2,7 3,7 ;
P_P 3,6 4,6 2,7 3,7 4,7 ;
P_P 4,6 5,6 3,7 4,7 5,7 ;
P_P 5,6 6,6 4,7 5,7 6,7 ;
P_P 6,6 7,6 5,7 6,7 7,7 ;
P_P 0,0 1,0 0,1 1,1 2,1 ;
P_P 1,0 2,0 1,1 2,1 3,1 ;
P_P 2,0 3,0 2,1 3,1 4,1 ;
P_P 3,0 4,0 3,1 4,1 5,1 ;
P_P 4,0 5,0 4,1 5,1 6,1 ;
P_P 5,0 6,0 5,1 6,1 7,1 ;
P_P 0,1 1,1 0,2 1,2 2,2 ;
P_P 1,1 2,1 1,2 2,2 3,2 ;
P_P 2,1 3,1 2,2 3,2 4,2 ;
P_P 3,1 4,1 3,2 4,2 5,2 ;
P_P 4,1 5,1 4,2 5,2 6,2 ;
P_P 5,1 6,1 5,2 6,2 7,2 ;
P_P 0,2 1,2 0,3 1,3 2,3 ;
P_P 1,2 2,2 1,3 2,3 3,3 ;
P_P 2,2 3,2 2,3 3,3 4,3 ;
P_P 3,2 4,2 3,3 4,3 5,3 ;
P_P 4,2 5,2 4,3 5,3 6,3 ;
P_P 5,2 6,2 5,3 6,3 7,3 ;
P_P 0,3 1,3 0,4 1,4 2,4 ;
P_P 1,3 2,3 1,4 2,4 3,4 ;
P_P 2,3 3,3 2,4 3,4 4,4 ;
P_P 3,3 4,3 3,4 4,4 5,4 ;
P_P 4,3 5,3 4,4 5,4 6,4 ;
P_P 5,3 6,3 5,4 6,4 7,4 ;
P_P 0,4 1,4 0,5 1,5 2,5 ;
P_P 1,4 2,4 1,5 2,5 3,5 ;
P_P 2,4 3,4 2,5 3,5 4,5 ;
P_P 3,4 4,4 3,5 4,5 5,5 ;
P_P 4,4 5,4 4,5 5,5 6,5 ;
P_P 5,4 6,4 5,5 6,5 7,5 ;
P_P 0,5 1,5 0,6 1,6 2,6 ;
P_P 1,5 2,5 1,6 2,6 3,6 ;
P_P 2,5 3,5 2,6 3,6 4,6 ;
P_P 3,5 4,5 3,6 4,6 5,6 ;
P_P 4,5 5,5 4,6 5,6 6,6 ;
P_P 5,5 6,5 5,6 6,6 7,6 ;
P_P 0,6 1,6 0,7 1,7 2,7 ;
P_P 1,6 2,6 1,7 2,7 3,7 ;
P_P 2,6 3,6 2,7 3,7 4,7 ;
P_P 3,6 4,6 3,7 4,7 5,7 ;
P_P 4,6 5,6 4,7 5,7 6,7 ;
P_P 5,6 6,6 5,7 6,7 7,7 ;
P_P 1,0 0,1 1,1 0,2 1,2 ;
P_P 2,0 1,1 2,1 1,2 2,2 ;
P_P 3,0 2,1 3,1 2,2 3,2 ;
P_P 4,0 3,1 4,1 3,2 4,2 ;
P_P 5,0 4,1 5,1 4,2 5,2 ;
P_P 6,0 5,1 6,1 5,2 6,2 ;
P_P 7,0 6,1 7,1 6,2 7,2 ;
P_P 1,1 0,2 1,2 0,3 1,3 ;
P_P 2,1 1,2 2,2 1,3 2,3 ;
P_P 3,1 2,2 3,2 2,3 3,3 ;
P_P 4,1 3,2 4,2 3,3 4,3 ;
P_P 5,1 4,2 5,2 4,3 5,3 ;
P_P 6,1 5,2 6,2 5,3 6,3 ;
P_P 7,1 6,2 7,2 6,3 7,3 ;
P_P 1,2 0,3 1,3 0,4 1,4 ;
P_P 2,2 1,3 2,3 1,4 2,4 ;
P_P 3,2 2,3 3,3 2,4 3,4 ;
P_P 4,2 3,3 4,3 3,4 4,4 ;
P_P 5,2 4,3 5,3 4,4 5,4 ;
P_P 6,2 5,3 6,3 5,4 6,4 ;
P_P 7,2 6,3 7,3 6,4 7,4 ;
P_P 1,3 0,4 1,4 0,5 1,5 ;
P_P 2,3 1,4 2,4 1,5 2,5 ;
P_P 3,3 2,4 3,4 2,5 3,5 ;
P_P 4,3 3,4 4,4 3,5 4,5 ;
P_P 5,3 4,4 5,4 4,5 5,5 ;
P_P 6,3 5,4 6,4 5,5 6,5 ;
P_P 7,3 6,4 7,4 6,5 7,5 ;
P_P 1,4 0,5 1,5 0,6 1,6 ;
P_P 2,4 1,5 2,5 1,6 2,6 ;
P_P 3,4 2,5 3,5 2,6 3,6 ;
P_P 4,4 3,5 4,5 3,6 4,6 ;
P_P 5,4 4,5 5,5 4,6 5,6 ;
P_P 6,4 5,5 6,5 5,6 6,6 ;
P_P 7,4 6,5 7,5 6,6 7,6 ;
P_P 1,5 0,6 1,6 0,7 1,7 ;
P_P 2,5 1,6 2,6 1,7 2,7 ;
P_P 3,5 2,6 3,6 2,7 3,7 ;
P_P 4,5 3,6 4,6 3,7 4,7 ;
P_P 5,5 4,6 5,6 4,7 5,7 ;
P_P 6,5 5,6 6,6 5,7 6,7 ;
P_P 7,5 6,6 7,6 6,7 7,7 ;
P_P 0,0 1,0 0,1 1,1 1,2 ;
P_P 1,0 2,0 1,1 2,1 2,2 ;
P_P 2,0 3,0 2,1 3,1 3,2 ;
P_P 3,0 4,0 3,1 4,1 4,2 ;
P_P 4,0 5,0 4,1 5,1 5,2 ;
P_P 5,0 6,0 5,1 6,1 6,2 ;
P_P 6,0 7,0 6,1 7,1 7,2 ;
P_P 0,1 1,1 0,2 1,2 1,3 ;
P_P 1,1 2,1 1,2 2,2 2,3 ;
P_P 2,1 3,1 2,2 3,2 3,3 ;
P_P 3,1 4,1 3,2 4,2 4,3 ;
P_P 4,1 5,1 4,2 5,2 5,3 ;
P_P 5,1 6,1 5,2 6,2 6,3 ;
P_P 6,1 7,1 6,2 7,2 7,3 ;
P_P 0,2 1,2 0,3 1,3 1,4 ;
P_P 1,2 2,2 1,3 2,3 2,4 ;
P_P 2,2 3,2 2,3 3,3 3,4 ;
P_P 3,2 4,2 3,3 4,3 4,4 ;
P_P 4,2 5,2 4,3 5,3 5,4 ;
P_P 5,2 6,2 5,3 6,3 6,4 ;
P_P 6,2 7,2 6,3 7,3 7,4 ;
P_P 0,3 1,3 0,4 1,4 1,5 ;
P_P 1,3 2,3 1,4 2,4 2,5 ;
P_P 2,3 3,3 2,4 3,4 3,5 ;
P_P 3,3 4,3 3,4 4,4 4,5 ;
P_P 4,3 5,3 4,4 5,4 5,5 ;
P_P 5,3 6,3 5,4 6,4 6,5 ;
P_P 6,3 7,3 6,4 7,4 7,5 ;
P_P 0,4 1,4 0,5 1,5 1,6 ;
P_P 1,4 2,4 1,5 2,5 2,6 ;
P_P 2,4 3,4 2,5 3,5 3,6 ;
P_P 3,4 4,4 3,5 4,5 4,6 ;
P_P 4,4 5,4 4,5 5,5 5,6 ;
P_P 5,4 6,4 5,5 6,5 6,6 ;
P_P 6,4 7,4 6,5 7,5 7,6 ;
P_P 0,5 1,5 0,6 1,6 1,7 ;
P_P 1,5 2,5 1,6 2,6 2,7 ;
P_P 2,5 3,5 2,6 3,6 3,7 ;
P_P 3,5 4,5 3,6 4,6 4,7 ;
P_P 4,5 5,5 4,6 5,6 5,7 ;
P_P 5,5 6,5 5,6 6,6 6,7 ;
P_P 6,5 7,5 6,6 7,6 7,7 ;
P_P 0,0 1,0 2,0 1,1 2,1 ;
P_P 1,0 2,0 3,0 2,1 3,1 ;
P_P 2,0 3,0 4,0 3,1 4,1 ;
P_P 3,0 4,0 5,0 4,1 5,1 ;
P_P 4,0 5,0 6,0 5,1 6,1 ;
P_P 5,0 6,0 7,0 6,1 7,1 ;
P_P 0,1 1,1 2,1 1,2 2,2 ;
P_P 1,1 2,1 3,1 2,2 3,2 ;
P_P 2,1 3,1 4,1 3,2 4,2 ;
P_P 3,1 4,1 5,1 4,2 5,2 ;
P_P 4,1 5,1 6,1 5,2 6,2 ;
P_P 5,1 6,1 7,1 6,2 7,2 ;
P_P 0,2 1,2 2,2 1,3 2,3 ;
P_P 1,2 2,2 3,2 2,3 3,3 ;
P_P 2,2 3,2 4,2 3,3 4,3 ;
P_P 3,2 4,2 5,2 4,3 5,3 ;
P_P 4,2 5,2 6,2 5,3 6,3 ;
P_P 5,2 6,2 7,2 6,3 7,3 ;
P_P 0,3 1,3 2,3 1,4 2,4 ;
P_P 1,3 2,3 3,3 2,4 3,4 ;
P_P 2,3 3,3 4,3 3,4 4,4 ;
P_P 3,3 4,3 5,3 4,4 5,4 ;
P_P 4,3 5,3 6,3 5,4 6,4 ;
P_P 5,3 6,3 7,3 6,4 7,4 ;
P_P 0,4 1,4 2,4 1,5 2,5 ;
P_P 1,4 2,4 3,4 2,5 3,5 ;
P_P 2,4 3,4 4,4 3,5 4,5 ;
P_P 3,4 4,4 5,4 4,5 5,5 ;
P_P 4,4 5,4 6,4 5,5 6,5 ;
P_P 5,4 6,4 7,4 6,5 7,5 ;
P_P 0,5 1,5 2,5 1,6 2,6 ;
P_P 1,5 2,5 3,5 2,6 3,6 ;
P_P 2,5 3,5 4,5 3,6 4,6 ;
P_P 3,5 4,5 5,5 4,6 5,6 ;
P_P 4,5 5,5 6,5 5,6 6,6 ;
P_P 5,5 6,5 7,5 6,6 7,6 ;
P_P 0,6 1,6 2,6 1,7 2,7 ;
P_P 1,6 2,6 3,6 2,7 3,7 ;
P_P 2,6 3,6 4,6 3,7 4,7 ;
P_P 3,6 4,6 5,6 4,7 5,7 ;
P_P 4,6 5,6 6,6 5,7 6,7 ;
P_P 5,6 6,6 7,6 6,7 7,7 ;
P_P 0,0 1,0 2,0 0,1 1,1 ;
P_P 1,0 2,0 3,0 1,1 2,1 ;
P_P 2,0 3,0 4,0 2,1 3,1 ;
P_P 3,0 4,0 5,0 3,1 4,1 ;
P_P 4,0 5,0 6,0 4,1 5,1 ;
P_P 5,0 6,0 7,0 5,1 6,1 ;
P_P 0,1 1,1 2,1 0,2 1,2 ;
P_P 1,1 2,1 3,1 1,2 2,2 ;
P_P 2,1 3,1 4,1 2,2 3,2 ;
P_P 3,1 4,1 5,1 3,2 4,2 ;
P_P 4,1 5,1 6,1 4,2 5,2 ;
P_P 5,1 6,1 7,1 5,2 6,2 ;
P_P 0,2 1,2 2,2 0,3 1,3 ;
P_P 1,2 2,2 3,2 1,3 2,3 ;
P_P 2,2 3,2 4,2 2,3 3,3 ;
P_P 3,2 4,2 5,2 3,3 4,3 ;
P_P 4,2 5,2 6,2 4,3 5,3 ;
P_P 5,2 6,2 7,2 5,3 6,3 ;
P_P 0,3 1,3 2,3 0,4 1,4 ;
P_P 1,3 2,3 3,3 1,4 2,4 ;
P_P 2,3 3,3 4,3 2,4 3,4 ;
P_P 3,3 4,3 5,3 3,4 4,4 ;
P_P 4,3 5,3 6,3 4,4 5,4 ;
P_P 5,3 6,3 7,3 5,4 6,4 ;
P_P 0,4 1,4 2,4 0,5 1,5 ;
P_P 1,4 2,4 3,4 1,5 2,5 ;
P_P 2,4 3,4 4,4 2,5 3,5 ;
P_P 3,4 4,4 5,4 3,5 4,5 ;
P_P 4,4 5,4 6,4 4,5 5,5 ;
P_P 5,4 6,4 7,4 5,5 6,5 ;
P_P 0,5 1,5 2,5 0,6 1,6 ;
P_P 1,5 2,5 3,5 1,6 2,6 ;
P_P 2,5 3,5 4,5 2,6 3,6 ;
P_P 3,5 4,5 5,5 3,6 4,6 ;
P_P 4,5 5,5 6,5 4,6 5,6 ;
P_P 5,5 6,5 7,5 5,6 6,6 ;
P_P 0,6 1,6 2,6 0,7 1,7 ;
P_P 1,6 2,6 3,6 1,7 2,7 ;
P_P 2,6 3,6 4,6 2,7 3,7 ;
P_P 3,6 4,6 5,6 3,7 4,7 ;
P_P 4,6 5,6 6,6 4,7 5,7 ;
P_P 5,6 6,6 7,6 5,7 6,7 ;
P_Q 0,0 1,0 0,1 0,2 0,3 ;
P_Q 1,0 2,0 1,1 1,2 1,3 ;
P_Q 2,0 3,0 2,1 2,2 2,3 ;
P_Q 3,0 4,0 3,1 3,2 3,3 ;
P_Q 4,0 5,0 4,1 4,2 4,3 ;
P_Q 5,0 6,0 5,1 5,2 5,3 ;
P_Q 6,0 7,0 6,1 6,2 6,3 ;
P_Q 0,1 1,1 0,2 0,3 0,4 ;
P_Q 1,1 2,1 1,2 1,3 1,4 ;
P_Q 2,1 3,1 2,2 2,3 2,4 ;
P_Q 3,1 4,1 3,2 3,3 3,4 ;
P_Q 4,1 5,1 4,2 4,3 4,4 ;
P_Q 5,1 6,1 5,2 5,3 5,4 ;
P_Q 6,1 7,1 6,2 6,3 6,4 ;
P_Q 0,2 1,2 0,3 0,4 0,5 ;
P_Q 1,2 2,2 1,3 1,4 1,5 ;
P_Q 2,2 3,2 2,3 2,4 2,5 ;
P_Q 3,2 4,2 3,3 3,4 3,5 ;
P_Q 4,2 5,2 4,3 4,4 4,5 ;
P_Q 5,2 6,2 5,3 5,4 5,5 ;
P_Q 6,2 7,2 6,3 6,4 6,5 ;
P_Q 0,3 1,3 0,4 0,5 0,6 ;
P_Q 1,3 2,3 1,4 1,5 1,6 ;
P_Q 2,3 3,3 2,4 2,5 2,6 ;
P_Q 3,3 4,3 3,4 3,5 3,6 ;
P_Q 4,3 5,3 4,4 4,5 4,6 ;
P_Q 5,3 6,3 5,4 5,5 5,6 ;
P_Q 6,3 7,3 6,4 6,5 6,6 ;
P_Q 0,4 1,4 0,5 0,6 0,7 ;
P_Q 1,4 2,4 1,5 1,6 1,7 ;
P_Q 2,4 3,4 2,5 2,6 2,7 ;
P_Q 3,4 4,4 3,5 3,6 3,7 ;
P_Q 4,4 5,4 4,5 4,6 4,7 ;
P_Q 5,4 6,4 5,5 5,6 5,7 ;
P_Q 6,4 7,4 6,5 6,6 6,7 ;
P_Q 0,0 1,0 2,0 3,0 0,1 ;
P_Q 1,0 2,0 3,0 4,0 1,1 ;
P_Q 2,0 3,0 4,0 5,0 2,1 ;
P_Q 3,0 4,0 5,0 6,0 3,1 ;
P_Q 4,0 5,0 6,0 7,0 4,1 ;
P_Q 0,1 1,1 2,1 3,1 0,2 ;
P_Q 1,1 2,1 3,1 4,1 1,2 ;
P_Q 2,1 3,1 4,1 5,1 2,2 ;
P_Q 3,1 4,1 5,1 6,1 3,2 ;
P_Q 4,1 5,1 6,1 7,1 4,2 ;
P_Q 0,2 1,2 2,2 3,2 0,3 ;
P_Q 1,2 2,2 3,2 4,2 1,3 ;
P_Q 2,2 3,2 4,2 5,2 2,3 ;
P_Q 3,2 4,2 5,2 6,2 3,3 ;
P_Q 4,2 5,2 6,2 7,2 4,3 ;
P_Q 0,3 1,3 2,3 3,3 0,4 ;
P_Q 1,3 2,3 3,3 4,3 1,4 ;
P_Q 2,3 3,3 4,3 5,3 2,4 ;
P_Q 3,3 4,3 5,3 6,3 3,4 ;
P_Q 4,3 5,3 6,3 7,3 4,4 ;
P_Q 0,4 1,4 2,4 3,4 0,5 ;
P_Q 1,4 2,4 3,4 4,4 1,5 ;
P_Q 2,4 3,4 4,4 5,4 2,5 ;
P_Q 3,4 4,4 5,4 6,4 3,5 ;
P_Q 4,4 5,4 6,4 7,4 4,5 ;
P_Q 0,5 1,5 2,5 3,5 0,6 ;
P_Q 1,5 2,5 3,5 4,5 1,6 ;
P_Q 2,5 3,5 4,5 5,5 2,6 ;
P_Q 3,5 4,5 5,5 6,5 3,6 ;
P_Q 4,5 5,5 6,5 7,5 4,6 ;
P_Q 0,6 1,6 2,6 3,6 0,7 ;
P_Q 1,6 2,6 3,6 4,6 1,7 ;
P_Q 2,6 3,6 4,6 5,6 2,7 ;
P_Q 3,6 4,6 5,6 6,6 3,7 ;
P_Q 4,6 5,6 6,6 7,6 4,7 ;
P_Q 1,0 1,1 1,2 0,3 1,3 ;
P_Q 2,0 2,1 2,2 1,3 2,3 ;
P_Q 3,0 3,1 3,2 2,3 3,3 ;
P_Q 4,0 4,1 4,2 3,3 4,3 ;
P_Q 5,0 5,1 5,2 4,3 5,3 ;
P_Q 6,0 6,1 6,2 5,3 6,3 ;
P_Q 7,0 7,1 7,2 6,3 7,3 ;
P_Q 1,1 1,2 1,3 0,4 1,4 ;
P_Q 2,1 2,2 2,3 1,4 2,4 ;
P_Q 3,1 3,2 3,3 2,4 3,4 ;
P_Q 4,1 4,2 4,3 3,4 4,4 ;
P_Q 5,1 5,2 5,3 4,4 5,4 ;
P_Q 6,1 6,2 6,3 5,4 6,4 ;
P_Q 7,1 7,2 7,3 6,4 7,4 ;
P_Q 1,2 1,3 1,4 0,5 1,5 ;
P_Q 2,2 2,3 2,4 1,5 2,5 ;
P_Q 3,2 3,3 3,4 2,5 3,5 ;
P_Q 4,2 4,3 4,4 3,5 4,5 ;
P_Q 5,2 5,3 5,4 4,5 5,5 ;
P_Q 6,2 6,3 6,4 5,5 6,5 ;
P_Q 7,2 7,3 7,4 6,5 7,5 ;
P_Q 1,3 1,4 1,5 0,6 1,6 ;
P_Q 2,3 2,4 2,5 1,6 2,6 ;
P_Q 3,3 3,4 3,5 2,6 3,6 ;
P_Q 4,3 4,4 4,5 3,6 4,6 ;
P_Q 5,3 5,4 5,5 4,6 5,6 ;
P_Q 6,3 6,4 6,5 5,6 6,6 ;
P_Q 7,3 7,4 7,5 6,6 7,6 ;
P_Q 1,4 1,5 1,6 0,7 1,7 ;
P_Q 2,4 2,5 2,6 1,7 2,7 ;
P_Q 3,4 3,5 3,6 2,7 3,7 ;
P_Q 4,4 4,5 4,6 3,7 4,7 ;
P_Q 5,4 5,5 5,6 4,7 5,7 ;
P_Q 6,4 6,5 6,6 5,7 6,7 ;
P_Q 7,4 7,5 7,6 6,7 7,7 ;
P_Q 0,0 1,0 1,1 1,2 1,3 ;
P_Q 1,0 2,0 2,1 2,2 2,3 ;
P_Q 2,0 3,0 3,1 3,2 3,3 ;
P_Q 3,0 4,0 4,1 4,2 4,3 ;
P_Q 4,0 5,0 5,1 5,2 5,3 ;
P_Q 5,0 6,0 6,1 6,2 6,3 ;
P_Q 6,0 7,0 7,1 7,2 7,3 ;
P_Q 0,1 1,1 1,2 1,3 1,4 ;
P_Q 1,1 2,1 2,2 2,3 2,4 ;
P_Q 2,1 3,1 3,2 3,3 3,4 ;
P_Q 3,1 4,1 4,2 4,3 4,4 ;
P_Q 4,1 5,1 5,2 5,3 5,4 ;
P_Q 5,1 6,1 6,2 6,3 6,4 ;
P_Q 6,1 7,1 7,2 7,3 7,4 ;
P_Q 0,2 1,2 1,3 1,4 1,5 ;
P_Q 1,2 2,2 2,3 2,4 2,5 ;
P_Q 2,2 3,2 3,3 3,4 3,5 ;
P_Q 3,2 4,2 4,3 4,4 4,5 ;
P_Q 4,2 5,2 5,3 5,4 5,5 ;
P_Q 5,2 6,2 6,3 6,4 6,5 ;
P_Q 6,2 7,2 7,3 7,4 7,5 ;
P_Q 0,3 1,3 1,4 1,5 1,6 ;
P_Q 1,3 2,3 2,4 2,5 2,6 ;
P_Q 2,3 3,3 3,4 3,5 3,6 ;
P_Q 3,3 4,3 4,4 4,5 4,6 ;
P_Q 4,3 5,3 5,4 5,5 5,6 ;
P_Q 5,3 6,3 6,4 6,5 6,6 ;
P_Q 6,3 7,3 7,4 7,5 7,6 ;
P_Q 0,4 1,4 1,5 1,6 1,7 ;
P_Q 1,4 2,4 2,5 2,6 2,7 ;
P_Q 2,4 3,4 3,5 3,6 3,7 ;
P_Q 3,4 4,4 4,5 4,6 4,7 ;
P_Q 4,4 5,4 5,5 5,6 5,7 ;
P_Q 5,4 6,4 6,5 6,6 6,7 ;
P_Q 6,4 7,4 7,5 7,6 7,7 ;
P_Q 0,0 0,1 0,2 0,3 1,3 ;
P_Q 1,0 1,1 1,2 1,3 2,3 ;
P_Q 2,0 2,1 2,2 2,3 3,3 ;
P_Q 3,0 3,1 3,2 3,3 4,3 ;
P_Q 4,0 4,1 4,2 4,3 5,3 ;
P_Q 5,0 5,1 5,2 5,3 6,3 ;
P_Q 6,0 6,1 6,2 6,3 7,3 ;
P_Q 0,1 0,2 0,3 0,4 1,4 ;
P_Q 1,1 1,2 1,3 1,4 2,4 ;
P_Q 2,1 2,2 2,3 2,4 3,4 ;
P_Q 3,1 3,2 3,3 3,4 4,4 ;
P_Q 4,1 4,2 4,3 4,4 5,4 ;
P_Q 5,1 5,2 5,3 5,4 6,4 ;
P_Q 6,1 6,2 6,3 6,4 7,4 ;
P_Q 0,2 0,3 0,4 0,5 1,5 ;
P_Q 1,2 1,3 1,4 1,5 2,5 ;
P_Q 2,2 2,3 2,4 2,5 3,5 ;
P_Q 3,2 3,3 3,4 3,5 4,5 ;
P_Q 4,2 4,3 4,4 4,5 5,5 ;
P_Q 5,2 5,3 5,4 5,5 6,5 ;
P_Q 6,2 6,3 6,4 6,5 7,5 ;
P_Q 0,3 0,4 0,5 0,6 1,6 ;
P_Q 1,3 1,4 1,5 1,6 2,6 ;
P_Q 2,3 2,4 2,5 2,6 3,6 ;
P_Q 3,3 3,4 3,5 3,6 4,6 ;
P_Q 4,3 4,4 4,5 4,6 5,6 ;
P_Q 5,3 5,4 5,5 5,6 6,6 ;
P_Q 6,3 6,4 6,5 6,6 7,6 ;
P_Q 0,4 0,5 0,6 0,7 1,7 ;
P_Q 1,4 1,5 1,6 1,7 2,7 ;
P_Q 2,4 2,5 2,6 2,7 3,7 ;
P_Q 3,4 3,5 3,6 3,7 4,7 ;
P_Q 4,4 4,5 4,6 4,7 5,7 ;
P_Q 5,4 5,5 5,6 5,7 6,7 ;
P_Q 6,4 6,5 6,6 6,7 7,7 ;
P_Q 3,0 0,1 1,1 2,1 3,1 ;
P_Q 4,0 1,1 2,1 3,1 4,1 ;
P_Q 5,0 2,1 3,1 4,1 5,1 ;
P_Q 6,0 3,1 4,1 5,1 6,1 ;
P_Q 7,0 4,1 5,1 6,1 7,1 ;
P_Q 3,1 0,2 1,2 2,2 3,2 ;
P_Q 4,1 1,2 2,2 3,2 4,2 ;
P_Q 5,1 2,2 3,2 4,2 5,2 ;
P_Q 6,1 3,2 4,2 5,2 6,2 ;
P_Q 7,1 4,2 5,2 6,2 7,2 ;
P_Q 3,2 0,3 1,3 2,3 3,3 ;
P_Q 4,2 1,3 2,3 3,3 4,3 ;
P_Q 5,2 2,3 3,3 4,3 5,3 ;
P_Q 6,2 3,3 4,3 5,3 6,3 ;
P_Q 7,2 4,3 5,3 6,3 7,3 ;
P_Q 3,3 0,4 1,4 2,4 3,4 ;
P_Q 4,3 1,4 2,4 3,4 4,4 ;
P_Q 5,3 2,4 3,4 4,4 5,4 ;
P_Q 6,3 3,4 4,4 5,4 6,4 ;
P_Q 7,3 4,4 5,4 6,4 7,4 ;
P_Q 3,4 0,5 1,5 2,5 3,5 ;
P_Q 4,4 1,5 2,5 3,5 4,5 ;
P_Q 5,4 2,5 3,5 4,5 5,5 ;
P_Q 6,4 3,5 4,5 5,5 6,5 ;
P_Q 7,4 4,5 5,5 6,5 7,5 ;
P_Q 3,5 0,6 1,6 2,6 3,6 ;
P_Q 4,5 1,6 2,6 3,6 4,6 ;
P_Q 5,5 2,6 3,6 4,6 5,6 ;
P_Q 6,5 3,6 4,6 5,6 6,6 ;
P_Q 7,5 4,6 5,6 6,6 7,6 ;
P_Q 3,6 0,7 1,7 2,7 3,7 ;
P_Q 4,6 1,7 2,7 3,7 4,7 ;
P_Q 5,6 2,7 3,7 4,7 5,7 ;
P_Q 6,6 3,7 4,7 5,7 6,7 ;
P_Q 7,6 4,7 5,7 6,7 7,7 ;
P_Q 0,0 1,0 2,0 3,0 3,1 ;
P_Q 1,0 2,0 3,0 4,0 4,1 ;
P_Q 2,0 3,0 4,0 5,0 5,1 ;
P_Q 3,0 4,0 5,0 6,0 6,1 ;
P_Q 4,0 5,0 6,0 7,0 7,1 ;
P_Q 0,1 1,1 2,1 3,1 3,2 ;
P_Q 1,1 2,1 3,1 4,1 4,2 ;
P_Q 2,1 3,1 4,1 5,1 5,2 ;
P_Q 3,1 4,1 5,1 6,1 6,2 ;
P_Q 4,1 5,1 6,1 7,1 7,2 ;
P_Q 0,2 1,2 2,2 3,2 3,3 ;
P_Q 1,2 2,2 3,2 4,2 4,3 ;
P_Q 2,2 3,2 4,2 5,2 5,3 ;
P_Q 3,2 4,2 5,2 6,2 6,3 ;
P_Q 4,2 5,2 6,2 7,2 7,3 ;
P_Q 0,3 1,3 2,3 3,3 3,4 ;
P_Q 1,3 2,3 3,3 4,3 4,4 ;
P_Q 2,3 3,3 4,3 5,3 5,4 ;
P_Q 3,3 4,3 5,3 6,3 6,4 ;
P_Q 4,3 5,3 6,3 7,3 7,4 ;
P_Q 0,4 1,4 2,4 3,4 3,5 ;
P_Q 1,4 2,4 3,4 4,4 4,5 ;
P_Q 2,4 3,4 4,4 5,4 5,5 ;
P_Q 3,4 4,4 5,4 6,4 6,5 ;
P_Q 4,4 5,4 6,4 7,4 7,5 ;
P_Q 0,5 1,5 2,5 3,5 3,6 ;
P_Q 1,5 2,5 3,5 4,5 4,6 ;
P_Q 2,5 3,5 4,5 5,5 5,6 ;
P_Q 3,5 4,5 5,5 6,5 6,6 ;
P_Q 4,5 5,5 6,5 7,5 7,6 ;
P_Q 0,6 1,6 2,6 3,6 3,7 ;
P_Q 1,6 2,6 3,6 4,6 4,7 ;
P_Q 2,6 3,6 4,6 5,6 5,7 ;
P_Q 3,6 4,6 5,6 6,6 6,7 ;
P_Q 4,6 5,6 6,6 7,6 7,7 ;
P_Q 0,0 0,1 1,1 2,1 3,1 ;
P_Q 1,0 1,1 2,1 3,1 4,1 ;
P_Q 2,0 2,1 3,1 4,1 5,1 ;
P_Q 3,0 3,1 4,1 5,1 6,1 ;
P_Q 4,0 4,1 5,1 6,1 7,1 ;
P_Q 0,1 0,2 1,2 2,2 3,2 ;
P_Q 1,1 1,2 2,2 3,2 4,2 ;
P_Q 2,1 2,2 3,2 4,2 5,2 ;
P_Q 3,1 3,2 4,2 5,2 6,2 ;
P_Q 4,1 4,2 5,2 6,2 7,2 ;
P_Q 0,2 0,3 1,3 2,3 3,3 ;
P_Q 1,2 1,3 2,3 3,3 4,3 ;
P_Q 2,2 2,3 3,3 4,3 5,3 ;
P_Q 3,2 3,3 4,3 5,3 6,3 ;
P_Q 4,2 4,3 5,3 6,3 7,3 ;
P_Q 0,3 0,4 1,4 2,4 3,4 ;
P_Q 1,3 1,4 2,4 3,4 4,4 ;
P_Q 2,3 2,4 3,4 4,4 5,4 ;
P_Q 3,3 3,4 4,4 5,4 6,4 ;
P_Q 4,3 4,4 5,4 6,4 7,4 ;
P_Q 0,4 0,5 1,5 2,5 3,5 ;
P_Q 1,4 1,5 2,5 3,5 4,5 ;
P_Q 2,4 2,5 3,5 4,5 5,5 ;
P_Q 3,4 3,5 4,5 5,5 6,5 ;
P_Q 4,4 4,5 5,5 6,5 7,5 ;
P_Q 0,5 0,6 1,6 2,6 3,6 ;
P_Q 1,5 1,6 2,6 3,6 4,6 ;
P_Q 2,5 2,6 3,6 4,6 5,6 ;
P_Q 3,5 3,6 4,6 5,6 6,6 ;
P_Q 4,5 4,6 5,6 6,6 7,6 ;
P_Q 0,6 0,7 1,7 2,7 3,7 ;
P_Q 1,6 1,7 2,7 3,7 4,7 ;
P_Q 2,6 2,7 3,7 4,7 5,7 ;
P_Q 3,6 3,7 4,7 5,7 6,7 ;
P_Q 4,6 4,7 5,7 6,7 7,7 ;
P_R 1,0 2,0 0,1 1,1 1,2 ;
P_R 2,0 3,0 1,1 2,1 2,2 ;
P_R 3,0 4,0 2,1 3,1 3,2 ;
P_R 4,0 5,0 3,1 4,1 4,2 ;
P_R 5,0 6,0 4,1 5,1 5,2 ;
P_R 6,0 7,0 5,1 6,1 6,2 ;
P_R 1,1 2,1 0,2 1,2 1,3 ;
P_R 2,1 3,1 1,2 2,2 2,3 ;
P_R 3,1 4,1 2,2 3,2 3,3 ;
P_R 4,1 5,1 3,2 4,2 4,3 ;
P_R 5,1 6,1 4,2 5,2 5,3 ;
P_R 6,1 7,1 5,2 6,2 6,3 ;
P_R 1,2 2,2 0,3 1,3 1,4 ;
P_R 2,2 3,2 1,3 2,3 2,4 ;
P_R 3,2 4,2 2,3 3,3 3,4 ;
P_R 4,2 5,2 3,3 4,3 4,4 ;
P_R 5,2 6,2 4,3 5,3 5,4 ;
P_R 6,2 7,2 5,3 6,3 6,4 ;
P_R 1,3 2,3 0,4 1,4 1,5 ;
P_R 2,3 3,3 1,4 2,4 2,5 ;
P_R 3,3 4,3 2,4 3,4 3,5 ;
P_R 4,3 5,3 3,4 4,4 4,5 ;
P_R 5,3 6,3 4,4 5,4 5,5 ;
P_R 6,3 7,3 5,4 6,4 6,5 ;
P_R 1,4 2,4 0,5 1,5 1,6 ;
P_R 2,4 3,4 1,5 2,5 2,6 ;
P_R 3,4 4,4 2,5 3,5 3,6 ;
P_R 4,4 5,4 3,5 4,5 4,6 ;
P_R 5,4 6,4 4,5 5,5 5,6 ;
P_R 6,4 7,4 5,5 6,5 6,6 ;
P_R 1,5 2,5 0,6 1,6 1,7 ;
P_R 2,5 3,5 1,6 2,6 2,7 ;
P_R 3,5 4,5 2,6 3,6 3,7 ;
P_R 4,5 5,5 3,6 4,6 4,7 ;
P_R 5,5 6,5 4,6 5,6 5,7 ;
P_R 6,5 7,5 5,6 6,6 6,7 ;
P_R 1,0 0,1 1,1 2,1 2,2 ;
P_R 2,0 1,1 2,1 3,1 3,2 ;
P_R 3,0 2,1 3,1 4,1 4,2 ;
P_R 4,0 3,1 4,1 5,1 5,2 ;
P_R 5,0 4,1 5,1 6,1 6,2 ;
P_R 6,0 5,1 6,1 7,1 7,2 ;
P_R 1,1 0,2 1,2 2,2 2,3 ;
P_R 2,1 1,2 2,2 3,2 3,3 ;
P_R 3,1 2,2 3,2 4,2 4,3 ;
P_R 4,1 3,2 4,2 5,2 5,3 ;
P_R 5,1 4,2 5,2 6,2 6,3 ;
P_R 6,1 5,2 6,2 7,2 7,3 ;
P_R 1,2 0,3 1,3 2,3 2,4 ;
P_R 2,2 1,3 2,3 3,3 3,4 ;
P_R 3,2 2,3 3,3 4,3 4,4 ;
P_R 4,2 3,3 4,3 5,3 5,4 ;
P_R 5,2 4,3 5,3 6,3 6,4 ;
P_R 6,2 5,3 6,3 7,3 7,4 ;
P_R 1,3 0,4 1,4 2,4 2,5 ;
P_R 2,3 1,4 2,4 3,4 3,5 ;
P_R 3,3 2,4 3,4 4,4 4,5 ;
P_R 4,3 3,4 4,4 5,4 5,5 ;
P_R 5,3 4,4 5,4 6,4 6,5 ;
P_R 6,3 5,4 6,4 7,4 7,5 ;
P_R 1,4 0,5 1,5 2,5 2,6 ;
P_R 2,4 1,5 2,5 3,5 3,6 ;
P_R 3,4 2,5 3,5 4,5 4,6 ;
P_R 4,4 3,5 4,5 5,5 5,6 ;
P_R 5,4 4,5 5,5 6,5 6,6 ;
P_R 6,4 5,5 6,5 7,5 7,6 ;
P_R 1,5 0,6 1,6 2,6 2,7 ;
P_R 2,5 1,6 2,6 3,6 3,7 ;
P_R 3,5 2,6 3,6 4,6 4,7 ;
P_R 4,5 3,6 4,6 5,6 5,7 ;
P_R 5,5 4,6 5,6 6,6 6,7 ;
P_R 6,5 5,6 6,6 7,6 7,7 ;
P_R 1,0 1,1 2,1 0,2 1,2 ;
P_R 2,0 2,1 3,1 1,2 2,2 ;
P_R 3,0 3,1 4,1 2,2 3,2 ;
P_R 4,0 4,1 5,1 3,2 4,2 ;
P_R 5,0 5,1 6,1 4,2 5,2 ;
P_R 6,0 6,1 7,1 5,2 6,2 ;
P_R 1,1 1,2 2,2 0,3 1,3 ;
P_R 2,1 2,2 3,2 1,3 2,3 ;
P_R 3,1 3,2 4,2 2,3 3,3 ;
P_R 4,1 4,2 5,2 3,3 4,3 ;
P_R 5,1 5,2 6,2 4,3 5,3 ;
P_R 6,1 6,2 7,2 5,3 6,3 ;
P_R 1,2 1,3 2,3 0,4 1,4 ;
P_R 2,2 2,3 3,3 1,4 2,4 ;
P_R 3,2 3,3 4,3 2,4 3,4 ;
P_R 4,2 4,3 5,3 3,4 4,4 ;
P_R 5,2 5,3 6,3 4,4 5,4 ;
P_R 6,2 6,3 7,3 5,4 6,4 ;
P_R 1,3 1,4 2,4 0,5 1,5 ;
P_R 2,3 2,4 3,4 1,5 2,5 ;
P_R 3,3 3,4 4,4 2,5 3,5 ;
P_R 4,3 4,4 5,4 3,5 4,5 ;
P_R 5,3 5,4 6,4 4,5 5,5 ;
P_R 6,3 6,4 7,4 5,5 6,5 ;
P_R 1,4 1,5 2,5 0,6 1,6 ;
P_R 2,4 2,5 3,5 1,6 2,6 ;
P_R 3,4 3,5 4,5 2,6 3,6 ;
P_R 4,4 4,5 5,5 3,6 4,6 ;
P_R 5,4 5,5 6,5 4,6 5,6 ;
P_R 6,4 6,5 7,5 5,6 6,6 ;
P_R 1,5 1,6 2,6 0,7 1,7 ;
P_R 2,5 2,6 3,6 1,7 2,7 ;
P_R 3,5 3,6 4,6 2,7 3,7 ;
P_R 4,5 4,6 5,6 3,7 4,7 ;
P_R 5,5 5,6 6,6 4,7 5,7 ;
P_R 6,5 6,6 7,6 5,7 6,7 ;
P_R 2,0 0,1 1,1 2,1 1,2 ;
P_R 3,0 1,1 2,1 3,1 2,2 ;
P_R 4,0 2,1 3,1 4,1 3,2 ;
P_R 5,0 3,1 4,1 5,1 4,2 ;
P_R 6,0 4,1 5,1 6,1 5,2 ;
P_R 7,0 5,1 6,1 7,1 6,2 ;
P_R 2,1 0,2 1,2 2,2 1,3 ;
P_R 3,1 1,2 2,2 3,2 2,3 ;
P_R 4,1 2,2 3,2 4,2 3,3 ;
P_R 5,1 3,2 4,2 5,2 4,3 ;
P_R 6,1 4,2 5,2 6,2 5,3 ;
P_R 7,1 5,2 6,2 7,2 6,3 ;
P_R 2,2 0,3 1,3 2,3 1,4 ;
P_R 3,2 1,3 2,3 3,3 2,4 ;
P_R 4,2 2,3 3,3 4,3 3,4 ;
P_R 5,2 3,3 4,3 5,3 4,4 ;
P_R 6,2 4,3 5,3 6,3 5,4 ;
P_R 7,2 5,3 6,3 7,3 6,4 ;
P_R 2,3 0,4 1,4 2,4 1,5 ;
P_R 3,3 1,4 2,4 3,4 2,5 ;
P_R 4,3 2,4 3,4 4,4 3,5 ;
P_R 5,3 3,4 4,4 5,4 4,5 ;
P_R 6,3 4,4 5,4 6,4 5,5 ;
P_R 7,3 5,4 6,4 7,4 6,5 ;
P_R 2,4 0,5 1,5 2,5 1,6 ;
P_R 3,4 1,5 2,5 3,5 2,6 ;
P_R 4,4 2,5 3,5 4,5 3,6 ;
P_R 5,4 3,5 4,5 5,5 4,6 ;
P_R 6,4 4,5 5,5 6,5 5,6 ;
P_R 7,4 5,5 6,5 7,5 6,6 ;
P_R 2,5 0,6 1,6 2,6 1,7 ;
P_R 3,5 1,6 2,6 3,6 2,7 ;
P_R 4,5 2,6 3,6 4,6 3,7 ;
P_R 5,5 3,6 4,6 5,6 4,7 ;
P_R 6,5 4,6 5,6 6,6 5,7 ;
P_R 7,5 5,6 6,6 7,6 6,7 ;
P_R 1,0 0,1 1,1 1,2 2,2 ;
P_R 2,0 1,1 2,1 2,2 3,2 ;
P_R 3,0 2,1 3,1 3,2 4,2 ;
P_R 4,0 3,1 4,1 4,2 5,2 ;
P_R 5,0 4,1 5,1 5,2 6,2 ;
P_R 6,0 5,1 6,1 6,2 7,2 ;
P_R 1,1 0,2 1,2 1,3 2,3 ;
P_R 2,1 1,2 2,2 2,3 3,3 ;
P_R 3,1 2,2 3,2 3,3 4,3 ;
P_R 4,1 3,2 4,2 4,3 5,3 ;
P_R 5,1 4,2 5,2 5,3 6,3 ;
P_R 6,1 5,2 6,2 6,3 7,3 ;
P_R 1,2 0,3 1,3 1,4 2,4 ;
P_R 2,2 1,3 2,3 2,4 3,4 ;
P_R 3,2 2,3 3,3 3,4 4,4 ;
P_R 4,2 3,3 4,3 4,4 5,4 ;
P_R 5,2 4,3 5,3 5,4 6,4 ;
P_R 6,2 5,3 6,3 6,4 7,4 ;
P_R 1,3 0,4 1,4 1,5 2,5 ;
P_R 2,3 1,4 2,4 2,5 3,5 ;
P_R 3,3 2,4 3,4 3,5 4,5 ;
P_R 4,3 3,4 4,4 4,5 5,5 ;
P_R 5,3 4,4 5,4 5,5 6,5 ;
P_R 6,3 5,4 6,4 6,5 7,5 ;
P_R 1,4 0,5 1,5 1,6 2,6 ;
P_R 2,4 1,5 2,5 2,6 3,6 ;
P_R 3,4 2,5 3,5 3,6 4,6 ;
P_R 4,4 3,5 4,5 4,6 5,6 ;
P_R 5,4 4,5 5,5 5,6 6,6 ;
P_R 6,4 5,5 6,5 6,6 7,6 ;
P_R 1,5 0,6 1,6 1,7 2,7 ;
P_R 2,5 1,6 2,6 2,7 3,7 ;
P_R 3,5 2,6 3,6 3,7 4,7 ;
P_R 4,5 3,6 4,6 4,7 5,7 ;
P_R 5,5 4,6 5,6 5,7 6,7 ;
P_R 6,5 5,6 6,6 6,7 7,7 ;
P_R 1,0 0,1 1,1 2,1 0,2 ;
P_R 2,0 1,1 2,1 3,1 1,2 ;
P_R 3,0 2,1 3,1 4,1 2,2 ;
P_R 4,0 3,1 4,1 5,1 3,2 ;
P_R 5,0 4,1 5,1 6,1 4,2 ;
P_R 6,0 5,1 6,1 7,1 5,2 ;
P_R 1,1 0,2 1,2 2,2 0,3 ;
P_R 2,1 1,2 2,2 3,2 1,3 ;
P_R 3,1 2,2 3,2 4,2 2,3 ;
P_R 4,1 3,2 4,2 5,2 3,3 ;
P_R 5,1 4,2 5,2 6,2 4,3 ;
P_R 6,1 5,2 6,2 7,2 5,3 ;
P_R 1,2 0,3 1,3 2,3 0,4 ;
P_R 2,2 1,3 2,3 3,3 1,4 ;
P_R 3,2 2,3 3,3 4,3 2,4 ;
P_R 4,2 3,3 4,3 5,3 3,4 ;
P_R 5,2 4,3 5,3 6,3 4,4 ;
P_R 6,2 5,3 6,3 7,3 5,4 ;
P_R 1,3 0,4 1,4 2,4 0,5 ;
P_R 2,3 1,4 2,4 3,4 1,5 ;
P_R 3,3 2,4 3,4 4,4 2,5 ;
P_R 4,3 3,4 4,4 5,4 3,5 ;
P_R 5,3 4,4 5,4 6,4 4,5 ;
P_R 6,3 5,4 6,4 7,4 5,5 ;
P_R 1,4 0,5 1,5 2,5 0,6 ;
P_R 2,4 1,5 2,5 3,5 1,6 ;
P_R 3,4 2,5 3,5 4,5 2,6 ;
P_R 4,4 3,5 4,5 5,5 3,6 ;
P_R 5,4 4,5 5,5 6,5 4,6 ;
P_R 6,4 5,5 6,5 7,5 5,6 ;
P_R 1,5 0,6 1,6 2,6 0,7 ;
P_R 2,5 1,6 2,6 3,6 1,7 ;
P_R 3,5 2,6 3,6 4,6 2,7 ;
P_R 4,5 3,6 4,6 5,6 3,7 ;
P_R 5,5 4,6 5,6 6,6 4,7 ;
P_R 6,5 5,6 6,6 7,6 5,7 ;
P_R 0,0 0,1 1,1 2,1 1,2 ;
P_R 1,0 1,1 2,1 3,1 2,2 ;
P_R 2,0 2,1 3,1 4,1 3,2 ;
P_R 3,0 3,1 4,1 5,1 4,2 ;
P_R 4,0 4,1 5,1 6,1 5,2 ;
P_R 5,0 5,1 6,1 7,1 6,2 ;
P_R 0,1 0,2 1,2 2,2 1,3 ;
P_R 1,1 1,2 2,2 3,2 2,3 ;
P_R 2,1 2,2 3,2 4,2 3,3 ;
P_R 3,1 3,2 4,2 5,2 4,3 ;
P_R 4,1 4,2 5,2 6,2 5,3 ;
P_R 5,1 5,2 6,2 7,2 6,3 ;
P_R 0,2 0,3 1,3 2,3 1,4 ;
P_R 1,2 1,3 2,3 3,3 2,4 ;
P_R 2,2 2,3 3,3 4,3 3,4 ;
P_R 3,2 3,3 4,3 5,3 4,4 ;
P_R 4,2 4,3 5,3 6,3 5,4 ;
P_R 5,2 5,3 6,3 7,3 6,4 ;
P_R 0,3 0,4 1,4 2,4 1,5 ;
P_R 1,3 1,4 2,4 3,4 2,5 ;
P_R 2,3 2,4 3,4 4,4 3,5 ;
P_R 3,3 3,4 4,4 5,4 4,5 ;
P_R 4,3 4,4 5,4 6,4 5,5 ;
P_R 5,3 5,4 6,4 7,4 6,5 ;
P_R 0,4 0,5 1,5 2,5 1,6 ;
P_R 1,4 1,5 2,5 3,5 2,6 ;
P_R 2,4 2,5 3,5 4,5 3,6 ;
P_R 3,4 3,5 4,5 5,5 4,6 ;
P_R 4,4 4,5 5,5 6,5 5,6 ;
P_R 5,4 5,5 6,5 7,5 6,6 ;
P_R 0,5 0,6 1,6 2,6 1,7 ;
P_R 1,5 1,6 2,6 3,6 2,7 ;
P_R 2,5 2,6 3,6 4,6 3,7 ;
P_R 3,5 3,6 4,6 5,6 4,7 ;
P_R 4,5 4,6 5,6 6,6 5,7 ;
P_R 5,5 5,6 6,6 7,6 6,7 ;
P_R 0,0 1,0 1,1 2,1 1,2 ;
P_R 1,0 2,0 2,1 3,1 2,2 ;
P_R 2,0 3,0 3,1 4,1 3,2 ;
P_R 3,0 4,0 4,1 5,1 4,2 ;
P_R 4,0 5,0 5,1 6,1 5,2 ;
P_R 5,0 6,0 6,1 7,1 6,2 ;
P_R 0,1 1,1 1,2 2,2 1,3 ;
P_R 1,1 2,1 2,2 3,2 2,3 ;
P_R 2,1 3,1 3,2 4,2 3,3 ;
P_R 3,1 4,1 4,2 5,2 4,3 ;
P_R 4,1 5,1 5,2 6,2 5,3 ;
P_R 5,1 6,1 6,2 7,2 6,3 ;
P_R 0,2 1,2 1,3 2,3 1,4 ;
P_R 1,2 2,2 2,3 3,3 2,4 ;
P_R 2,2 3,2 3,3 4,3 3,4 ;
P_R 3,2 4,2 4,3 5,3 4,4 ;
P_R 4,2 5,2 5,3 6,3 5,4 ;
P_R 5,2 6,2 6,3 7,3 6,4 ;
P_R 0,3 1,3 1,4 2,4 1,5 ;
P_R 1,3 2,3 2,4 3,4 2,5 ;
P_R 2,3 3,3 3,4 4,4 3,5 ;
P_R 3,3 4,3 4,4 5,4 4,5 ;
P_R 4,3 5,3 5,4 6,4 5,5 ;
P_R 5,3 6,3 6,4 7,4 6,5 ;
P_R 0,4 1,4 1,5 2,5 1,6 ;
P_R 1,4 2,4 2,5 3,5 2,6 ;
P_R 2,4 3,4 3,5 4,5 3,6 ;
P_R 3,4 4,4 4,5 5,5 4,6 ;
P_R 4,4 5,4 5,5 6,5 5,6 ;
P_R 5,4 6,4 6,5 7,5 6,6 ;
P_R 0,5 1,5 1,6 2,6 1,7 ;
P_R 1,5 2,5 2,6 3,6 2,7 ;
P_R 2,5 3,5 3,6 4,6 3,7 ;
P_R 3,5 4,5 4,6 5,6 4,7 ;
P_R 4,5 5,5 5,6 6,6 5,7 ;
P_R 5,5 6,5 6,6 7,6 6,7 ;
P_S 1,0 1,1 0,2 1,2 0,3 ;
P_S 2,0 2,1 1,2 2,2 1,3 ;
P_S 3,0 3,1 2,2 3,2 2,3 ;
P_S 4,0 4,1 3,2 4,2 3,3 ;
P_S 5,0 5,1 4,2 5,2 4,3 ;
P_S 6,0 6,1 5,2 6,2 5,3 ;
P_S 7,0 7,1 6,2 7,2 6,3 ;
P_S 1,1 1,2 0,3 1,3 0,4 ;
P_S 2,1 2,2 1,3 2,3 1,4 ;
P_S 3,1 3,2 2,3 3,3 2,4 ;
P_S 4,1 4,2 3,3 4,3 3,4 ;
P_S 5,1 5,2 4,3 5,3 4,4 ;
P_S 6,1 6,2 5,3 6,3 5,4 ;
P_S 7,1 7,2 6,3 7,3 6,4 ;
P_S 1,2 1,3 0,4 1,4 0,5 ;
P_S 2,2 2,3 1,4 2,4 1,5 ;
P_S 3,2 3,3 2,4 3,4 2,5 ;
P_S 4,2 4,3 3,4 4,4 3,5 ;
P_S 5,2 5,3 4,4 5,4 4,5 ;
P_S 6,2 6,3 5,4 6,4 5,5 ;
P_S 7,2 7,3 6,4 7,4 6,5 ;
P_S 1,3 1,4 0,5 1,5 0,6 ;
P_S 2,3 2,4 1,5 2,5 1,6 ;
P_S 3,3 3,4 2,5 3,5 2,6 ;
P_S 4,3 4,4 3,5 4,5 3,6 ;
P_S 5,3 5,4 4,5 5,5 4,6 ;
P_S 6,3 6,4 5,5 6,5 5,6 ;
P_S 7,3 7,4 6,5 7,5 6,6 ;
P_S 1,4 1,5 0,6 1,6 0,7 ;
P_S 2,4 2,5 1,6 2,6 1,7 ;
P_S 3,4 3,5 2,6 3,6 2,7 ;
P_S 4,4 4,5 3,6 4,6 3,7 ;
P_S 5,4 5,5 4,6 5,6 4,7 ;
P_S 6,4 6,5 5,6 6,6 5,7 ;
P_S 7,4 7,5 6,6 7,6 6,7 ;
P_S 0,0 0,1 0,2 1,2 1,3 ;
P_S 1,0 1,1 1,2 2,2 2,3 ;
P_S 2,0 2,1 2,2 3,2 3,3 ;
P_S 3,0 3,1 3,2 4,2 4,3 ;
P_S 4,0 4,1 4,2 5,2 5,3 ;
P_S 5,0 5,1 5,2 6,2 6,3 ;
P_S 6,0 6,1 6,2 7,2 7,3 ;
P_S 0,1 0,2 0,3 1,3 1,4 ;
P_S 1,1 1,2 1,3 2,3 2,4 ;
P_S 2,1 2,2 2,3 3,3 3,4 ;
P_S 3,1 3,2 3,3 4,3 4,4 ;
P_S 4,1 4,2 4,3 5,3 5,4 ;
P_S 5,1 5,2 5,3 6,3 6,4 ;
P_S 6,1 6,2 6,3 7,3 7,4 ;
P_S 0,2 0,3 0,4 1,4 1,5 ;
P_S 1,2 1,3 1,4 2,4 2,5 ;
P_S 2,2 2,3 2,4 3,4 3,5 ;
P_S 3,2 3,3 3,4 4,4 4,5 ;
P_S 4,2 4,3 4,4 5,4 5,5 ;
P_S 5,2 5,3 5,4 6,4 6,5 ;
P_S 6,2 6,3 6,4 7,4 7,5 ;
P_S 0,3 0,4 0,5 1,5 1,6 ;
P_S 1,3 1,4 1,5 2,5 2,6 ;
P_S 2,3 2,4 2,5 3,5 3,6 ;
P_S 3,3 3,4 3,5 4,5 4,6 ;
P_S 4,3 4,4 4,5 5,5 5,6 ;
P_S 5,3 5,4 5,5 6,5 6,6 ;
P_S 6,3 6,4 6,5 7,5 7,6 ;
P_S 0,4 0,5 0,6 1,6 1,7 ;
P_S 1,4 1,5 1,6 2,6 2,7 ;
P_S 2,4 2,5 2,6 3,6 3,7 ;
P_S 3,4 3,5 3,6 4,6 4,7 ;
P_S 4,4 4,5 4,6 5,6 5,7 ;
P_S 5,4 5,5 5,6 6,6 6,7 ;
P_S 6,4 6,5 6,6 7,6 7,7 ;
P_S 0,0 0,1 1,1 1,2 1,3 ;
P_S 1,0 1,1 2,1 2,2 2,3 ;
P_S 2,0 2,1 3,1 3,2 3,3 ;
P_S 3,0 3,1 4,1 4,2 4,3 ;
P_S 4,0 4,1 5,1 5,2 5,3 ;
P_S 5,0 5,1 6,1 6,2 6,3 ;
P_S 6,0 6,1 7,1 7,2 7,3 ;
P_S 0,1 0,2 1,2 1,3 1,4 ;
P_S 1,1 1,2 2,2 2,3 2,4 ;
P_S 2,1 2,2 3,2 3,3 3,4 ;
P_S 3,1 3,2 4,2 4,3 4,4 ;
P_S 4,1 4,2 5,2 5,3 5,4 ;
P_S 5,1 5,2 6,2 6,3 6,4 ;
P_S 6,1 6,2 7,2 7,3 7,4 ;
P_S 0,2 0,3 1,3 1,4 1,5 ;
P_S 1,2 1,3 2,3 2,4 2,5 ;
P_S 2,2 2,3 3,3 3,4 3,5 ;
P_S 3,2 3,3 4,3 4,4 4,5 ;
P_S 4,2 4,3 5,3 5,4 5,5 ;
P_S 5,2 5,3 6,3 6,4 6,5 ;
P_S 6,2 6,3 7,3 7,4 7,5 ;
P_S 0,3 0,4 1,4 1,5 1,6 ;
P_S 1,3 1,4 2,4 2,5 2,6 ;
P_S 2,3 2,4 3,4 3,5 3,6 ;
P_S 3,3 3,4 4,4 4,5 4,6 ;
P_S 4,3 4,4 5,4 5,5 5,6 ;
P_S 5,3 5,4 6,4 6,5 6,6 ;
P_S 6,3 6,4 7,4 7,5 7,6 ;
P_S 0,4 0,5 1,5 1,6 1,7 ;
P_S 1,4 1,5 2,5 2,6 2,7 ;
P_S 2,4 2,5 3,5 3,6 3,7 ;
P_S 3,4 3,5 4,5 4,6 4,7 ;
P_S 4,4 4,5 5,5 5,6 5,7 ;
P_S 5,4 5,5 6,5 6,6 6,7 ;
P_S 6,4 6,5 7,5 7,6 7,7 ;
P_S 1,0 0,1 1,1 0,2 0,3 ;
P_S 2,0 1,1 2,1 1,2 1,3 ;
P_S 3,0 2,1 3,1 2,2 2,3 ;
P_S 4,0 3,1 4,1 3,2 3,3 ;
P_S 5,0 4,1 5,1 4,2 4,3 ;
P_S 6,0 5,1 6,1 5,2 5,3 ;
P_S 7,0 6,1 7,1 6,2 6,3 ;
P_S 1,1 0,2 1,2 0,3 0,4 ;
P_S 2,1 1,2 2,2 1,3 1,4 ;
P_S 3,1 2,2 3,2 2,3 2,4 ;
P_S 4,1 3,2 4,2 3,3 3,4 ;
P_S 5,1 4,2 5,2 4,3 4,4 ;
P_S 6,1 5,2 6,2 5,3 5,4 ;
P_S 7,1 6,2 7,2 6,3 6,4 ;
P_S 1,2 0,3 1,3 0,4 0,5 ;
P_S 2,2 1,3 2,3 1,4 1,5 ;
P_S 3,2 2,3 3,3 2,4 2,5 ;
P_S 4,2 3,3 4,3 3,4 3,5 ;
P_S 5,2 4,3 5,3 4,4 4,5 ;
P_S 6,2 5,3 6,3 5,4 5,5 ;
P_S 7,2 6,3 7,3 6,4 6,5 ;
P_S 1,3 0,4 1,4 0,5 0,6 ;
P_S 2,3 1,4 2,4 1,5 1,6 ;
P_S 3,3 2,4 3,4 2,5 2,6 ;
P_S 4,3 3,4 4,4 3,5 3,6 ;
P_S 5,3 4,4 5,4 4,5 4,6 ;
P_S 6,3 5,4 6,4 5,5 5,6 ;
P_S 7,3 6,4 7,4 6,5 6,6 ;
P_S 1,4 0,5 1,5 0,6 0,7 ;
P_S 2,4 1,5 2,5 1,6 1,7 ;
P_S 3,4 2,5 3,5 2,6 2,7 ;
P_S 4,4 3,5 4,5 3,6 3,7 ;
P_S 5,4 4,5 5,5 4,6 4,7 ;
P_S 6,4 5,5 6,5 5,6 5,7 ;
P_S 7,4 6,5 7,5 6,6 6,7 ;
P_S 2,0 3,0 0,1 1,1 2,1 ;
P_S 3,0 4,0 1,1 2,1 3,1 ;
P_S 4,0 5,0 2,1 3,1 4,1 ;
P_S 5,0 6,0 3,1 4,1 5,1 ;
P_S 6,0 7,0 4,1 5,1 6,1 ;
P_S 2,1 3,1 0,2 1,2 2,2 ;
P_S 3,1 4,1 1,2 2,2 3,2 ;
P_S 4,1 5,1 2,2 3,2 4,2 ;
P_S 5,1 6,1 3,2 4,2 5,2 ;
P_S 6,1 7,1 4,2 5,2 6,2 ;
P_S 2,2 3,2 0,3 1,3 2,3 ;
P_S 3,2 4,2 1,3 2,3 3,3 ;
P_S 4,2 5,2 2,3 3,3 4,3 ;
P_S 5,2 6,2 3,3 4,3 5,3 ;
P_S 6,2 7,2 4,3 5,3 6,3 ;
P_S 2,3 3,3 0,4 1,4 2,4 ;
P_S 3,3 4,3 1,4 2,4 3,4 ;
P_S 4,3 5,3 2,4 3,4 4,4 ;
P_S 5,3 6,3 3,4 4,4 5,4 ;
P_S 6,3 7,3 4,4 5,4 6,4 ;
P_S 2,4 3,4 0,5 1,5 2,5 ;
P_S 3,4 4,4 1,5 2,5 3,5 ;
P_S 4,4 5,4 2,5 3,5 4,5 ;
P_S 5,4 6,4 3,5 4,5 5,5 ;
P_S 6,4 7,4 4,5 5,5 6,5 ;
P_S 2,5 3,5 0,6 1,6 2,6 ;
P_S 3,5 4,5 1,6 2,6 3,6 ;
P_S 4,5 5,5 2,6 3,6 4,6 ;
P_S 5,5 6,5 3,6 4,6 5,6 ;
P_S 6,5 7,5 4,6 5,6 6,6 ;
P_S 2,6 3,6 0,7 1,7 2,7 ;
P_S 3,6 4,6 1,7 2,7 3,7 ;
P_S 4,6 5,6 2,7 3,7 4,7 ;
P_S 5,6 6,6 3,7 4,7 5,7 ;
P_S 6,6 7,6 4,7 5,7 6,7 ;
P_S 1,0 2,0 3,0 0,1 1,1 ;
P_S 2,0 3,0 4,0 1,1 2,1 ;
P_S 3,0 4,0 5,0 2,1 3,1 ;
P_S 4,0 5,0 6,0 3,1 4,1 ;
P_S 5,0 6,0 7,0 4,1 5,1 ;
P_S 1,1 2,1 3,1 0,2 1,2 ;
P_S 2,1 3,1 4,1 1,2 2,2 ;
P_S 3,1 4,1 5,1 2,2 3,2 ;
P_S 4,1 5,1 6,1 3,2 4,2 ;
P_S 5,1 6,1 7,1 4,2 5,2 ;
P_S 1,2 2,2 3,2 0,3 1,3 ;
P_S 2,2 3,2 4,2 1,3 2,3 ;
P_S 3,2 4,2 5,2 2,3 3,3 ;
P_S 4,2 5,2 6,2 3,3 4,3 ;
P_S 5,2 6,2 7,2 4,3 5,3 ;
P_S 1,3 2,3 3,3 0,4 1,4 ;
P_S 2,3 3,3 4,3 1,4 2,4 ;
P_S 3,3 4,3 5,3 2,4 3,4 ;
P_S 4,3 5,3 6,3 3,4 4,4 ;
P_S 5,3 6,3 7,3 4,4 5,4 ;
P_S 1,4 2,4 3,4 0,5 1,5 ;
P_S 2,4 3,4 4,4 1,5 2,5 ;
P_S 3,4 4,4 5,4 2,5 3,5 ;
P_S 4,4 5,4 6,4 3,5 4,5 ;
P_S 5,4 6,4 7,4 4,5 5,5 ;
P_S 1,5 2,5 3,5 0,6 1,6 ;
P_S 2,5 3,5 4,5 1,6 2,6 ;
P_S 3,5 4,5 5,5 2,6 3,6 ;
P_S 4,5 5,5 6,5 3,6 4,6 ;
P_S 5,5 6,5 7,5 4,6 5,6 ;
P_S 1,6 2,6 3,6 0,7 1,7 ;
P_S 2,6 3,6 4,6 1,7 2,7 ;
P_S 3,6 4,6 5,6 2,7 3,7 ;
P_S 4,6 5,6 6,6 3,7 4,7 ;
P_S 5,6 6,6 7,6 4,7 5,7 ;
P_S 0,0 1,0 1,1 2,1 3,1 ;
P_S 1,0 2,0 2,1 3,1 4,1 ;
P_S 2,0 3,0 3,1 4,1 5,1 ;
P_S 3,0 4,0 4,1 5,1 6,1 ;
P_S 4,0 5,0 5,1 6,1 7,1 ;
P_S 0,1 1,1 1,2 2,2 3,2 ;
P_S 1,1 2,1 2,2 3,2 4,2 ;
P_S 2,1 3,1 3,2 4,2 5,2 ;
P_S 3,1 4,1 4,2 5,2 6,2 ;
P_S 4,1 5,1 5,2 6,2 7,2 ;
P_S 0,2 1,2 1,3 2,3 3,3 ;
P_S 1,2 2,2 2,3 3,3 4,3 ;
P_S 2,2 3,2 3,3 4,3 5,3 ;
P_S 3,2 4,2 4,3 5,3 6,3 ;
P_S 4,2 5,2 5,3 6,3 7,3 ;
P_S 0,3 1,3 1,4 2,4 3,4 ;
P_S 1,3 2,3 2,4 3,4 4,4 ;
P_S 2,3 3,3 3,4 4,4 5,4 ;
P_S 3,3 4,3 4,4 5,4 6,4 ;
P_S 4,3 5,3 5,4 6,4 7,4 ;
P_S 0,4 1,4 1,5 2,5 3,5 ;
P_S 1,4 2,4 2,5 3,5 4,5 ;
P_S 2,4 3,4 3,5 4,5 5,5 ;
P_S 3,4 4,4 4,5 5,5 6,5 ;
P_S 4,4 5,4 5,5 6,5 7,5 ;
P_S 0,5 1,5 1,6 2,6 3,6 ;
P_S 1,5 2,5 2,6 3,6 4,6 ;
P_S 2,5 3,5 3,6 4,6 5,6 ;
P_S 3,5 4,5 4,6 5,6 6,6 ;
P_S 4,5 5,5 5,6 6,6 7,6 ;
P_S 0,6 1,6 1,7 2,7 3,7 ;
P_S 1,6 2,6 2,7 3,7 4,7 ;
P_S 2,6 3,6 3,7 4,7 5,7 ;
P_S 3,6 4,6 4,7 5,7 6,7 ;
P_S 4,6 5,6 5,7 6,7 7,7 ;
P_S 0,0 1,0 2,0 2,1 3,1 ;
P_S 1,0 2,0 3,0 3,1 4,1 ;
P_S 2,0 3,0 4,0 4,1 5,1 ;
P_S 3,0 4,0 5,0 5,1 6,1 ;
P_S 4,0 5,0 6,0 6,1 7,1 ;
P_S 0,1 1,1 2,1 2,2 3,2 ;
P_S 1,1 2,1 3,1 3,2 4,2 ;
P_S 2,1 3,1 4,1 4,2 5,2 ;
P_S 3,1 4,1 5,1 5,2 6,2 ;
P_S 4,1 5,1 6,1 6,2 7,2 ;
P_S 0,2 1,2 2,2 2,3 3,3 ;
P_S 1,2 2,2 3,2 3,3 4,3 ;
P_S 2,2 3,2 4,2 4,3 5,3 ;
P_S 3,2 4,2 5,2 5,3 6,3 ;
P_S 4,2 5,2 6,2 6,3 7,3 ;
P_S 0,3 1,3 2,3 2,4 3,4 ;
P_S 1,3 2,3 3,3 3,4 4,4 ;
P_S 2,3 3,3 4,3 4,4 5,4 ;
P_S 3,3 4,3 5,3 5,4 6,4 ;
P_S 4,3 5,3 6,3 6,4 7,4 ;
P_S 0,4 1,4 2,4 2,5 3,5 ;
P_S 1,4 2,4 3,4 3,5 4,5 ;
P_S 2,4 3,4 4,4 4,5 5,5 ;
P_S 3,4 4,4 5,4 5,5 6,5 ;
P_S 4,4 5,4 6,4 6,5 7,5 ;
P_S 0,5 1,5 2,5 2,6 3,6 ;
P_S 1,5 2,5 3,5 3,6 4,6 ;
P_S 2,5 3,5 4,5 4,6 5,6 ;
P_S 3,5 4,5 5,5 5,6 6,6 ;
P_S 4,5 5,5 6,5 6,6 7,6 ;
P_S 0,6 1,6 2,6 2,7 3,7 ;
P_S 1,6 2,6 3,6 3,7 4,7 ;
P_S 2,6 3,6 4,6 4,7 5,7 ;
P_S 3,6 4,6 5,6 5,7 6,7 ;
P_S 4,6 5,6 6,6 6,7 7,7 ;
P_T 2,0 0,1 1,1 2,1 2,2 ;
P_T 3,0 1,1 2,1 3,1 3,2 ;
P_T 4,0 2,1 3,1 4,1 4,2 ;
P_T 5,0 3,1 4,1 5,1 5,2 ;
P_T 6,0 4,1 5,1 6,1 6,2 ;
P_T 7,0 5,1 6,1 7,1 7,2 ;
P_T 2,1 0,2 1,2 2,2 2,3 ;
P_T 3,1 1,2 2,2 3,2 3,3 ;
P_T 4,1 2,2 3,2 4,2 4,3 ;
P_T 5,1 3,2 4,2 5,2 5,3 ;
P_T 6,1 4,2 5,2 6,2 6,3 ;
P_T 7,1 5,2 6,2 7,2 7,3 ;
P_T 2,2 0,3 1,3 2,3 2,4 ;
P_T 3,2 1,3 2,3 3,3 3,4 ;
P_T 4,2 2,3 3,3 4,3 4,4 ;
P_T 5,2 3,3 4,3 5,3 5,4 ;
P_T 6,2 4,3 5,3 6,3 6,4 ;
P_T 7,2 5,3 6,3 7,3 7,4 ;
P_T 2,3 0,4 1,4 2,4 2,5 ;
P_T 3,3 1,4 2,4 3,4 3,5 ;
P_T 4,3 2,4 3,4 4,4 4,5 ;
P_T 5,3 3,4 4,4 5,4 5,5 ;
P_T 6,3 4,4 5,4 6,4 6,5 ;
P_T 7,3 5,4 6,4 7,4 7,5 ;
P_T 2,4 0,5 1,5 2,5 2,6 ;
P_T 3,4 1,5 2,5 3,5 3,6 ;
P_T 4,4 2,5 3,5 4,5 4,6 ;
P_T 5,4 3,5 4,5 5,5 5,6 ;
P_T 6,4 4,5 5,5 6,5 6,6 ;
P_T 7,4 5,5 6,5 7,5 7,6 ;
P_T 2,5 0,6 1,6 2,6 2,7 ;
P_T 3,5 1,6 2,6 3,6 3,7 ;
P_T 4,5 2,6 3,6 4,6 4,7 ;
P_T 5,5 3,6 4,6 5,6 5,7 ;
P_T 6,5 4,6 5,6 6,6 6,7 ;
P_T 7,5 5,6 6,6 7,6 7,7 ;
P_T 1,0 1,1 0,2 1,2 2,2 ;
P_T 2,0 2,1 1,2 2,2 3,2 ;
P_T 3,0 3,1 2,2 3,2 4,2 ;
P_T 4,0 4,1 3,2 4,2 5,2 ;
P_T 5,0 5,1 4,2 5,2 6,2 ;
P_T 6,0 6,1 5,2 6,2 7,2 ;
P_T 1,1 1,2 0,3 1,3 2,3 ;
P_T 2,1 2,2 1,3 2,3 3,3 ;
P_T 3,1 3,2 2,3 3,3 4,3 ;
P_T 4,1 4,2 3,3 4,3 5,3 ;
P_T 5,1 5,2 4,3 5,3 6,3 ;
P_T 6,1 6,2 5,3 6,3 7,3 ;
P_T 1,2 1,3 0,4 1,4 2,4 ;
P_T 2,2 2,3 1,4 2,4 3,4 ;
P_T 3,2 3,3 2,4 3,4 4,4 ;
P_T 4,2 4,3 3,4 4,4 5,4 ;
P_T 5,2 5,3 4,4 5,4 6,4 ;
P_T 6,2 6,3 5,4 6,4 7,4 ;
P_T 1,3 1,4 0,5 1,5 2,5 ;
P_T 2,3 2,4 1,5 2,5 3,5 ;
P_T 3,3 3,4 2,5 3,5 4,5 ;
P_T 4,3 4,4 3,5 4,5 5,5 ;
P_T 5,3 5,4 4,5 5,5 6,5 ;
P_T 6,3 6,4 5,5 6,5 7,5 ;
P_T 1,4 1,5 0,6 1,6 2,6 ;
P_T 2,4 2,5 1,6 2,6 3,6 ;
P_T 3,4 3,5 2,6 3,6 4,6 ;
P_T 4,4 4,5 3,6 4,6 5,6 ;
P_T 5,4 5,5 4,6 5,6 6,6 ;
P_T 6,4 6,5 5,6 6,6 7,6 ;
P_T 1,5 1,6 0,7 1,7 2,7 ;
P_T 2,5 2,6 1,7 2,7 3,7 ;
P_T 3,5 3,6 2,7 3,7 4,7 ;
P_T 4,5 4,6 3,7 4,7 5,7 ;
P_T 5,5 5,6 4,7 5,7 6,7 ;
P_T 6,5 6,6 5,7 6,7 7,7 ;
P_T 0,0 1,0 2,0 1,1 1,2 ;
P_T 1,0 2,0 3,0 2,1 2,2 ;
P_T 2,0 3,0 4,0 3,1 3,2 ;
P_T 3,0 4,0 5,0 4,1 4,2 ;
P_T 4,0 5,0 6,0 5,1 5,2 ;
P_T 5,0 6,0 7,0 6,1 6,2 ;
P_T 0,1 1,1 2,1 1,2 1,3 ;
P_T 1,1 2,1 3,1 2,2 2,3 ;
P_T 2,1 3,1 4,1 3,2 3,3 ;
P_T 3,1 4,1 5,1 4,2 4,3 ;
P_T 4,1 5,1 6,1 5,2 5,3 ;
P_T 5,1 6,1 7,1 6,2 6,3 ;
P_T 0,2 1,2 2,2 1,3 1,4 ;
P_T 1,2 2,2 3,2 2,3 2,4 ;
P_T 2,2 3,2 4,2 3,3 3,4 ;
P_T 3,2 4,2 5,2 4,3 4,4 ;
P_T 4,2 5,2 6,2 5,3 5,4 ;
P_T 5,2 6,2 7,2 6,3 6,4 ;
P_T 0,3 1,3 2,3 1,4 1,5 ;
P_T 1,3 2,3 3,3 2,4 2,5 ;
P_T 2,3 3,3 4,3 3,4 3,5 ;
P_T 3,3 4,3 5,3 4,4 4,5 ;
P_T 4,3 5,3 6,3 5,4 5,5 ;
P_T 5,3 6,3 7,3 6,4 6,5 ;
P_T 0,4 1,4 2,4 1,5 1,6 ;
P_T 1,4 2,4 3,4 2,5 2,6 ;
P_T 2,4 3,4 4,4 3,5 3,6 ;
P_T 3,4 4,4 5,4 4,5 4,6 ;
P_T 4,4 5,4 6,4 5,5 5,6 ;
P_T 5,4 6,4 7,4 6,5 6,6 ;
P_T 0,5 1,5 2,5 1,6 1,7 ;
P_T 1,5 2,5 3,5 2,6 2,7 ;
P_T 2,5 3,5 4,5 3,6 3,7 ;
P_T 3,5 4,5 5,5 4,6 4,7 ;
P_T 4,5 5,5 6,5 5,6 5,7 ;
P_T 5,5 6,5 7,5 6,6 6,7 ;
P_T 0,0 0,1 1,1 2,1 0,2 ;
P_T 1,0 1,1 2,1 3,1 1,2 ;
P_T 2,0 2,1 3,1 4,1 2,2 ;
P_T 3,0 3,1 4,1 5,1 3,2 ;
P_T 4,0 4,1 5,1 6,1 4,2 ;
P_T 5,0 5,1 6,1 7,1 5,2 ;
P_T 0,1 0,2 1,2 2,2 0,3 ;
P_T 1,1 1,2 2,2 3,2 1,3 ;
P_T 2,1 2,2 3,2 4,2 2,3 ;
P_T 3,1 3,2 4,2 5,2 3,3 ;
P_T 4,1 4,2 5,2 6,2 4,3 ;
P_T 5,1 5,2 6,2 7,2 5,3 ;
P_T 0,2 0,3 1,3 2,3 0,4 ;
P_T 1,2 1,3 2,3 3,3 1,4 ;
P_T 2,2 2,3 3,3 4,3 2,4 ;
P_T 3,2 3,3 4,3 5,3 3,4 ;
P_T 4,2 4,3 5,3 6,3 4,4 ;
P_T 5,2 5,3 6,3 7,3 5,4 ;
P_T 0,3 0,4 1,4 2,4 0,5 ;
P_T 1,3 1,4 2,4 3,4 1,5 ;
P_T 2,3 2,4 3,4 4,4 2,5 ;
P_T 3,3 3,4 4,4 5,4 3,5 ;
P_T 4,3 4,4 5,4 6,4 4,5 ;
P_T 5,3 5,4 6,4 7,4 5,5 ;
P_T 0,4 0,5 1,5 2,5 0,6 ;
P_T 1,4 1,5 2,5 3,5 1,6 ;
P_T 2,4 2,5 3,5 4,5 2,6 ;
P_T 3,4 3,5 4,5 5,5 3,6 ;
P_T 4,4 4,5 5,5 6,5 4,6 ;
P_T 5,4 5,5 6,5 7,5 5,6 ;
P_T 0,5 0,6 1,6 2,6 0,7 ;
P_T 1,5 1,6 2,6 3,6 1,7 ;
P_T 2,5 2,6 3,6 4,6 2,7 ;
P_T 3,5 3,6 4,6 5,6 3,7 ;
P_T 4,5 4,6 5,6 6,6 4,7 ;
P_T 5,5 5,6 6,6 7,6 5,7 ;
P_U 0,0 1,0 1,1 0,2 1,2 ;
P_U 1,0 2,0 2,1 1,2 2,2 ;
P_U 2,0 3,0 3,1 2,2 3,2 ;
P_U 3,0 4,0 4,1 3,2 4,2 ;
P_U 4,0 5,0 5,1 4,2 5,2 ;
P_U 5,0 6,0 6,1 5,2 6,2 ;
P_U 6,0 7,0 7,1 6,2 7,2 ;
P_U 0,1 1,1 1,2 0,3 1,3 ;
P_U 1,1 2,1 2,2 1,3 2,3 ;
P_U 2,1 3,1 3,2 2,3 3,3 ;
P_U 3,1 4,1 4,2 3,3 4,3 ;
P_U 4,1 5,1 5,2 4,3 5,3 ;
P_U 5,1 6,1 6,2 5,3 6,3 ;
P_U 6,1 7,1 7,2 6,3 7,3 ;
P_U 0,2 1,2 1,3 0,4 1,4 ;
P_U 1,2 2,2 2,3 1,4 2,4 ;
P_U 2,2 3,2 3,3 2,4 3,4 ;
P_U 3,2 4,2 4,3 3,4 4,4 ;
P_U 4,2 5,2 5,3 4,4 5,4 ;
P_U 5,2 6,2 6,3 5,4 6,4 ;
P_U 6,2 7,2 7,3 6,4 7,4 ;
P_U 0,3 1,3 1,4 0,5 1,5 ;
P_U 1,3 2,3 2,4 1,5 2,5 ;
P_U 2,3 3,3 3,4 2,5 3,5 ;
P_U 3,3 4,3 4,4 3,5 4,5 ;
P_U 4,3 5,3 5,4 4,5 5,5 ;
P_U 5,3 6,3 6,4 5,5 6,5 ;
P_U 6,3 7,3 7,4 6,5 7,5 ;
P_U 0,4 1,4 1,5 0,6 1,6 ;
P_U 1,4 2,4 2,5 1,6 2,6 ;
P_U 2,4 3,4 3,5 2,6 3,6 ;
P_U 3,4 4,4 4,5 3,6 4,6 ;
P_U 4,4 5,4 5,5 4,6 5,6 ;
P_U 5,4 6,4 6,5 5,6 6,6 ;
P_U 6,4 7,4 7,5 6,6 7,6 ;
P_U 0,5 1,5 1,6 0,7 1,7 ;
P_U 1,5 2,5 2,6 1,7 2,7 ;
P_U 2,5 3,5 3,6 2,7 3,7 ;
P_U 3,5 4,5 4,6 3,7 4,7 ;
P_U 4,5 5,5 5,6 4,7 5,7 ;
P_U 5,5 6,5 6,6 5,7 6,7 ;
P_U 6,5 7,5 7,6 6,7 7,7 ;
P_U 0,0 1,0 2,0 0,1 2,1 ;
P_U 1,0 2,0 3,0 1,1 3,1 ;
P_U 2,0 3,0 4,0 2,1 4,1 ;
P_U 3,0 4,0 5,0 3,1 5,1 ;
P_U 4,0 5,0 6,0 4,1 6,1 ;
P_U 5,0 6,0 7,0 5,1 7,1 ;
P_U 0,1 1,1 2,1 0,2 2,2 ;
P_U 1,1 2,1 3,1 1,2 3,2 ;
P_U 2,1 3,1 4,1 2,2 4,2 ;
P_U 3,1 4,1 5,1 3,2 5,2 ;
P_U 4,1 5,1 6,1 4,2 6,2 ;
P_U 5,1 6,1 7,1 5,2 7,2 ;
P_U 0,2 1,2 2,2 0,3 2,3 ;
P_U 1,2 2,2 3,2 1,3 3,3 ;
P_U 2,2 3,2 4,2 2,3 4,3 ;
P_U 3,2 4,2 5,2 3,3 5,3 ;
P_U 4,2 5,2 6,2 4,3 6,3 ;
P_U 5,2 6,2 7,2 5,3 7,3 ;
P_U 0,3 1,3 2,3 0,4 2,4 ;
P_U 1,3 2,3 3,3 1,4 3,4 ;
P_U 2,3 3,3 4,3 2,4 4,4 ;
P_U 3,3 4,3 5,3 3,4 5,4 ;
P_U 4,3 5,3 6,3 4,4 6,4 ;
P_U 5,3 6,3 7,3 5,4 7,4 ;
P_U 0,4 1,4 2,4 0,5 2,5 ;
P_U 1,4 2,4 3,4 1,5 3,5 ;
P_U 2,4 3,4 4,4 2,5 4,5 ;
P_U 3,4 4,4 5,4 3,5 5,5 ;
P_U 4,4 5,4 6,4 4,5 6,5 ;
P_U 5,4 6,4 7,4 5,5 7,5 ;
P_U 0,5 1,5 2,5 0,6 2,6 ;
P_U 1,5 2,5 3,5 1,6 3,6 ;
P_U 2,5 3,5 4,5 2,6 4,6 ;
P_U 3,5 4,5 5,5 3,6 5,6 ;
P_U 4,5 5,5 6,5 4,6 6,6 ;
P_U 5,5 6,5 7,5 5,6 7,6 ;
P_U 0,6 1,6 2,6 0,7 2,7 ;
P_U 1,6 2,6 3,6 1,7 3,7 ;
P_U 2,6 3,6 4,6 2,7 4,7 ;
P_U 3,6 4,6 5,6 3,7 5,7 ;
P_U 4,6 5,6 6,6 4,7 6,7 ;
P_U 5,6 6,6 7,6 5,7 7,7 ;
P_U 0,0 1,0 0,1 0,2 1,2 ;
P_U 1,0 2,0 1,1 1,2 2,2 ;
P_U 2,0 3,0 2,1 2,2 3,2 ;
P_U 3,0 4,0 3,1 3,2 4,2 ;
P_U 4,0 5,0 4,1 4,2 5,2 ;
P_U 5,0 6,0 5,1 5,2 6,2 ;
P_U 6,0 7,0 6,1 6,2 7,2 ;
P_U 0,1 1,1 0,2 0,3 1,3 ;
P_U 1,1 2,1 1,2 1,3 2,3 ;
P_U 2,1 3,1 2,2 2,3 3,3 ;
P_U 3,1 4,1 3,2 3,3 4,3 ;
P_U 4,1 5,1 4,2 4,3 5,3 ;
P_U 5,1 6,1 5,2 5,3 6,3 ;
P_U 6,1 7,1 6,2 6,3 7,3 ;
P_U 0,2 1,2 0,3 0,4 1,4 ;
P_U 1,2 2,2 1,3 1,4 2,4 ;
P_U 2,2 3,2 2,3 2,4 3,4 ;
P_U 3,2 4,2 3,3 3,4 4,4 ;
P_U 4,2 5,2 4,3 4,4 5,4 ;
P_U 5,2 6,2 5,3 5,4 6,4 ;
P_U 6,2 7,2 6,3 6,4 7,4 ;
P_U 0,3 1,3 0,4 0,5 1,5 ;
P_U 1,3 2,3 1,4 1,5 2,5 ;
P_U 2,3 3,3 2,4 2,5 3,5 ;
P_U 3,3 4,3 3,4 3,5 4,5 ;
P_U 4,3 5,3 4,4 4,5 5,5 ;
P_U 5,3 6,3 5,4 5,5 6,5 ;
P_U 6,3 7,3 6,4 6,5 7,5 ;
P_U 0,4 1,4 0,5 0,6 1,6 ;
P_U 1,4 2,4 1,5 1,6 2,6 ;
P_U 2,4 3,4 2,5 2,6 3,6 ;
P_U 3,4 4,4 3,5 3,6 4,6 ;
P_U 4,4 5,4 4,5 4,6 5,6 ;
P_U 5,4 6,4 5,5 5,6 6,6 ;
P_U 6,4 7,4 6,5 6,6 7,6 ;
P_U 0,5 1,5 0,6 0,7 1,7 ;
P_U 1,5 2,5 1,6 1,7 2,7 ;
P_U 2,5 3,5 2,6 2,7 3,7 ;
P_U 3,5 4,5 3,6 3,7 4,7 ;
P_U 4,5 5,5 4,6 4,7 5,7 ;
P_U 5,5 6,5 5,6 5,7 6,7 ;
P_U 6,5 7,5 6,6 6,7 7,7 ;
P_U 0,0 2,0 0,1 1,1 2,1 ;
P_U 1,0 3,0 1,1 2,1 3,1 ;
P_U 2,0 4,0 2,1 3,1 4,1 ;
P_U 3,0 5,0 3,1 4,1 5,1 ;
P_U 4,0 6,0 4,1 5,1 6,1 ;
P_U 5,0 7,0 5,1 6,1 7,1 ;
P_U 0,1 2,1 0,2 1,2 2,2 ;
P_U 1,1 3,1 1,2 2,2 3,2 ;
P_U 2,1 4,1 2,2 3,2 4,2 ;
P_U 3,1 5,1 3,2 4,2 5,2 ;
P_U 4,1 6,1 4,2 5,2 6,2 ;
P_U 5,1 7,1 5,2 6,2 7,2 ;
P_U 0,2 2,2 0,3 1,3 2,3 ;
P_U 1,2 3,2 1,3 2,3 3,3 ;
P_U 2,2 4,2 2,3 3,3 4,3 ;
P_U 3,2 5,2 3,3 4,3 5,3 ;
P_U 4,2 6,2 4,3 5,3 6,3 ;
P_U 5,2 7,2 5,3 6,3 7,3 ;
P_U 0,3 2,3 0,4 1,4 2,4 ;
P_U 1,3 3,3 1,4 2,4 3,4 ;
P_U 2,3 4,3 2,4 3,4 4,4 ;
P_U 3,3 5,3 3,4 4,4 5,4 ;
P_U 4,3 6,3 4,4 5,4 6,4 ;
P_U 5,3 7,3 5,4 6,4 7,4 ;
P_U 0,4 2,4 0,5 1,5 2,5 ;
P_U 1,4 3,4 1,5 2,5 3,5 ;
P_U 2,4 4,4 2,5 3,5 4,5 ;
P_U 3,4 5,4 3,5 4,5 5,5 ;
P_U 4,4 6,4 4,5 5,5 6,5 ;
P_U 5,4 7,4 5,5 6,5 7,5 ;
P_U 0,5 2,5 0,6 1,6 2,6 ;
P_U 1,5 3,5 1,6 2,6 3,6 ;
P_U 2,5 4,5 2,6 3,6 4,6 ;
P_U 3,5 5,5 3,6 4,6 5,6 ;
P_U 4,5 6,5 4,6 5,6 6,6 ;
P_U 5,5 7,5 5,6 6,6 7,6 ;
P_U 0,6 2,6 0,7 1,7 2,7 ;
P_U 1,6 3,6 1,7 2,7 3,7 ;
P_U 2,6 4,6 2,7 3,7 4,7 ;
P_U 3,6 5,6 3,7 4,7 5,7 ;
P_U 4,6 6,6 4,7 5,7 6,7 ;
P_U 5,6 7,6 5,7 6,7 7,7 ;
P_V 2,0 2,1 0,2 1,2 2,2 ;
P_V 3,0 3,1 1,2 2,2 3,2 ;
P_V 4,0 4,1 2,2 3,2 4,2 ;
P_V 5,0 5,1 3,2 4,2 5,2 ;
P_V 6,0 6,1 4,2 5,2 6,2 ;
P_V 7,0 7,1 5,2 6,2 7,2 ;
P_V 2,1 2,2 0,3 1,3 2,3 ;
P_V 3,1 3,2 1,3 2,3 3,3 ;
P_V 4,1 4,2 2,3 3,3 4,3 ;
P_V 5,1 5,2 3,3 4,3 5,3 ;
P_V 6,1 6,2 4,3 5,3 6,3 ;
P_V 7,1 7,2 5,3 6,3 7,3 ;
P_V 2,2 2,3 0,4 1,4 2,4 ;
P_V 3,2 3,3 1,4 2,4 3,4 ;
P_V 4,2 4,3 2,4 3,4 4,4 ;
P_V 5,2 5,3 3,4 4,4 5,4 ;
P_V 6,2 6,3 4,4 5,4 6,4 ;
P_V 7,2 7,3 5,4 6,4 7,4 ;
P_V 2,3 2,4 0,5 1,5 2,5 ;
P_V 3,3 3,4 1,5 2,5 3,5 ;
P_V 4,3 4,4 2,5 3,5 4,5 ;
P_V 5,3 5,4 3,5 4,5 5,5 ;
P_V 6,3 6,4 4,5 5,5 6,5 ;
P_V 7,3 7,4 5,5 6,5 7,5 ;
P_V 2,4 2,5 0,6 1,6 2,6 ;
P_V 3,4 3,5 1,6 2,6 3,6 ;
P_V 4,4 4,5 2,6 3,6 4,6 ;
P_V 5,4 5,5 3,6 4,6 5,6 ;
P_V 6,4 6,5 4,6 5,6 6,6 ;
P_V 7,4 7,5 5,6 6,6 7,6 ;
P_V 2,5 2,6 0,7 1,7 2,7 ;
P_V 3,5 3,6 1,7 2,7 3,7 ;
P_V 4,5 4,6 2,7 3,7 4,7 ;
P_V 5,5 5,6 3,7 4,7 5,7 ;
P_V 6,5 6,6 4,7 5,7 6,7 ;
P_V 7,5 7,6 5,7 6,7 7,7 ;
P_V 0,0 1,0 2,0 0,1 0,2 ;
P_V 1,0 2,0 3,0 1,1 1,2 ;
P_V 2,0 3,0 4,0 2,1 2,2 ;
P_V 3,0 4,0 5,0 3,1 3,2 ;
P_V 4,0 5,0 6,0 4,1 4,2 ;
P_V 5,0 6,0 7,0 5,1 5,2 ;
P_V 0,1 1,1 2,1 0,2 0,3 ;
P_V 1,1 2,1 3,1 1,2 1,3 ;
P_V 2,1 3,1 4,1 2,2 2,3 ;
P_V 3,1 4,1 5,1 3,2 3,3 ;
P_V 4,1 5,1 6,1 4,2 4,3 ;
P_V 5,1 6,1 7,1 5,2 5,3 ;
P_V 0,2 1,2 2,2 0,3 0,4 ;
P_V 1,2 2,2 3,2 1,3 1,4 ;
P_V 2,2 3,2 4,2 2,3 2,4 ;
P_V 3,2 4,2 5,2 3,3 3,4 ;
P_V 4,2 5,2 6,2 4,3 4,4 ;
P_V 5,2 6,2 7,2 5,3 5,4 ;
P_V 0,3 1,3 2,3 0,4 0,5 ;
P_V 1,3 2,3 3,3 1,4 1,5 ;
P_V 2,3 3,3 4,3 2,4 2,5 ;
P_V 3,3 4,3 5,3 3,4 3,5 ;
P_V 4,3 5,3 6,3 4,4 4,5 ;
P_V 5,3 6,3 7,3 5,4 5,5 ;
P_V 0,4 1,4 2,4 0,5 0,6 ;
P_V 1,4 2,4 3,4 1,5 1,6 ;
P_V 2,4 3,4 4,4 2,5 2,6 ;
P_V 3,4 4,4 5,4 3,5 3,6 ;
P_V 4,4 5,4 6,4 4,5 4,6 ;
P_V 5,4 6,4 7,4 5,5 5,6 ;
P_V 0,5 1,5 2,5 0,6 0,7 ;
P_V 1,5 2,5 3,5 1,6 1,7 ;
P_V 2,5 3,5 4,5 2,6 2,7 ;
P_V 3,5 4,5 5,5 3,6 3,7 ;
P_V 4,5 5,5 6,5 4,6 4,7 ;
P_V 5,5 6,5 7,5 5,6 5,7 ;
P_V 0,0 1,0 2,0 2,1 2,2 ;
P_V 1,0 2,0 3,0 3,1 3,2 ;
P_V 2,0 3,0 4,0 4,1 4,2 ;
P_V 3,0 4,0 5,0 5,1 5,2 ;
P_V 4,0 5,0 6,0 6,1 6,2 ;
P_V 5,0 6,0 7,0 7,1 7,2 ;
P_V 0,1 1,1 2,1 2,2 2,3 ;
P_V 1,1 2,1 3,1 3,2 3,3 ;
P_V 2,1 3,1 4,1 4,2 4,3 ;
P_V 3,1 4,1 5,1 5,2 5,3 ;
P_V 4,1 5,1 6,1 6,2 6,3 ;
P_V 5,1 6,1 7,1 7,2 7,3 ;
P_V 0,2 1,2 2,2 2,3 2,4 ;
P_V 1,2 2,2 3,2 3,3 3,4 ;
P_V 2,2 3,2 4,2 4,3 4,4 ;
P_V 3,2 4,2 5,2 5,3 5,4 ;
P_V 4,2 5,2 6,2 6,3 6,4 ;
P_V 5,2 6,2 7,2 7,3 7,4 ;
P_V 0,3 1,3 2,3 2,4 2,5 ;
P_V 1,3 2,3 3,3 3,4 3,5 ;
P_V 2,3 3,3 4,3 4,4 4,5 ;
P_V 3,3 4,3 5,3 5,4 5,5 ;
P_V 4,3 5,3 6,3 6,4 6,5 ;
P_V 5,3 6,3 7,3 7,4 7,5 ;
P_V 0,4 1,4 2,4 2,5 2,6 ;
P_V 1,4 2,4 3,4 3,5 3,6 ;
P_V 2,4 3,4 4,4 4,5 4,6 ;
P_V 3,4 4,4 5,4 5,5 5,6 ;
P_V 4,4 5,4 6,4 6,5 6,6 ;
P_V 5,4 6,4 7,4 7,5 7,6 ;
P_V 0,5 1,5 2,5 2,6 2,7 ;
P_V 1,5 2,5 3,5 3,6 3,7 ;
P_V 2,5 3,5 4,5 4,6 4,7 ;
P_V 3,5 4,5 5,5 5,6 5,7 ;
P_V 4,5 5,5 6,5 6,6 6,7 ;
P_V 5,5 6,5 7,5 7,6 7,7 ;
P_V 0,0 0,1 0,2 1,2 2,2 ;
P_V 1,0 1,1 1,2 2,2 3,2 ;
P_V 2,0 2,1 2,2 3,2 4,2 ;
P_V 3,0 3,1 3,2 4,2 5,2 ;
P_V 4,0 4,1 4,2 5,2 6,2 ;
P_V 5,0 5,1 5,2 6,2 7,2 ;
P_V 0,1 0,2 0,3 1,3 2,3 ;
P_V 1,1 1,2 1,3 2,3 3,3 ;
P_V 2,1 2,2 2,3 3,3 4,3 ;
P_V 3,1 3,2 3,3 4,3 5,3 ;
P_V 4,1 4,2 4,3 5,3 6,3 ;
P_V 5,1 5,2 5,3 6,3 7,3 ;
P_V 0,2 0,3 0,4 1,4 2,4 ;
P_V 1,2 1,3 1,4 2,4 3,4 ;
P_V 2,2 2,3 2,4 3,4 4,4 ;
P_V 3,2 3,3 3,4 4,4 5,4 ;
P_V 4,2 4,3 4,4 5,4 6,4 ;
P_V 5,2 5,3 5,4 6,4 7,4 ;
P_V 0,3 0,4 0,5 1,5 2,5 ;
P_V 1,3 1,4 1,5 2,5 3,5 ;
P_V 2,3 2,4 2,5 3,5 4,5 ;
P_V 3,3 3,4 3,5 4,5 5,5 ;
P_V 4,3 4,4 4,5 5,5 6,5 ;
P_V 5,3 5,4 5,5 6,5 7,5 ;
P_V 0,4 0,5 0,6 1,6 2,6 ;
P_V 1,4 1,5 1,6 2,6 3,6 ;
P_V 2,4 2,5 2,6 3,6 4,6 ;
P_V 3,4 3,5 3,6 4,6 5,6 ;
P_V 4,4 4,5 4,6 5,6 6,6 ;
P_V 5,4 5,5 5,6 6,6 7,6 ;
P_V 0,5 0,6 0,7 1,7 2,7 ;
P_V 1,5 1,6 1,7 2,7 3,7 ;
P_V 2,5 2,6 2,7 3,7 4,7 ;
P_V 3,5 3,6 3,7 4,7 5,7 ;
P_V 4,5 4,6 4,7 5,7 6,7 ;
P_V 5,5 5,6 5,7 6,7 7,7 ;
P_W 1,0 2,0 0,1 1,1 0,2 ;
P_W 2,0 3,0 1,1 2,1 1,2 ;
P_W 3,0 4,0 2,1 3,1 2,2 ;
P_W 4,0 5,0 3,1 4,1 3,2 ;
P_W 5,0 6,0 4,1 5,1 4,2 ;
P_W 6,0 7,0 5,1 6,1 5,2 ;
P_W 1,1 2,1 0,2 1,2 0,3 ;
P_W 2,1 3,1 1,2 2,2 1,3 ;
P_W 3,1 4,1 2,2 3,2 2,3 ;
P_W 4,1 5,1 3,2 4,2 3,3 ;
P_W 5,1 6,1 4,2 5,2 4,3 ;
P_W 6,1 7,1 5,2 6,2 5,3 ;
P_W 1,2 2,2 0,3 1,3 0,4 ;
P_W 2,2 3,2 1,3 2,3 1,4 ;
P_W 3,2 4,2 2,3 3,3 2,4 ;
P_W 4,2 5,2 3,3 4,3 3,4 ;
P_W 5,2 6,2 4,3 5,3 4,4 ;
P_W 6,2 7,2 5,3 6,3 5,4 ;
P_W 1,3 2,3 0,4 1,4 0,5 ;
P_W 2,3 3,3 1,4 2,4 1,5 ;
P_W 3,3 4,3 2,4 3,4 2,5 ;
P_W 4,3 5,3 3,4 4,4 3,5 ;
P_W 5,3 6,3 4,4 5,4 4,5 ;
P_W 6,3 7,3 5,4 6,4 5,5 ;
P_W 1,4 2,4 0,5 1,5 0,6 ;
P_W 2,4 3,4 1,5 2,5 1,6 ;
P_W 3,4 4,4 2,5 3,5 2,6 ;
P_W 4,4 5,4 3,5 4,5 3,6 ;
P_W 5,4 6,4 4,5 5,5 4,6 ;
P_W 6,4 7,4 5,5 6,5 5,6 ;
P_W 1,5 2,5 0,6 1,6 0,7 ;
P_W 2,5 3,5 1,6 2,6 1,7 ;
P_W 3,5 4,5 2,6 3,6 2,7 ;
P_W 4,5 5,5 3,6 4,6 3,7 ;
P_W 5,5 6,5 4,6 5,6 4,7 ;
P_W 6,5 7,5 5,6 6,6 5,7 ;
P_W 2,0 1,1 2,1 0,2 1,2 ;
P_W 3,0 2,1 3,1 1,2 2,2 ;
P_W 4,0 3,1 4,1 2,2 3,2 ;
P_W 5,0 4,1 5,1 3,2 4,2 ;
P_W 6,0 5,1 6,1 4,2 5,2 ;
P_W 7,0 6,1 7,1 5,2 6,2 ;
P_W 2,1 1,2 2,2 0,3 1,3 ;
P_W 3,1 2,2 3,2 1,3 2,3 ;
P_W 4,1 3,2 4,2 2,3 3,3 ;
P_W 5,1 4,2 5,2 3,3 4,3 ;
P_W 6,1 5,2 6,2 4,3 5,3 ;
P_W 7,1 6,2 7,2 5,3 6,3 ;
P_W 2,2 1,3 2,3 0,4 1,4 ;
P_W 3,2 2,3 3,3 1,4 2,4 ;
P_W 4,2 3,3 4,3 2,4 3,4 ;
P_W 5,2 4,3 5,3 3,4 4,4 ;
P_W 6,2 5,3 6,3 4,4 5,4 ;
P_W 7,2 6,3 7,3 5,4 6,4 ;
P_W 2,3 1,4 2,4 0,5 1,5 ;
P_W 3,3 2,4 3,4 1,5 2,5 ;
P_W 4,3 3,4 4,4 2,5 3,5 ;
P_W 5,3 4,4 5,4 3,5 4,5 ;
P_W 6,3 5,4 6,4 4,5 5,5 ;
P_W 7,3 6,4 7,4 5,5 6,5 ;
P_W 2,4 1,5 2,5 0,6 1,6 ;
P_W 3,4 2,5 3,5 1,6 2,6 ;
P_W 4,4 3,5 4,5 2,6 3,6 ;
P_W 5,4 4,5 5,5 3,6 4,6 ;
P_W 6,4 5,5 6,5 4,6 5,6 ;
P_W 7,4 6,5 7,5 5,6 6,6 ;
P_W 2,5 1,6 2,6 0,7 1,7 ;
P_W 3,5 2,6 3,6 1,7 2,7 ;
P_W 4,5 3,6 4,6 2,7 3,7 ;
P_W 5,5 4,6 5,6 3,7 4,7 ;
P_W 6,5 5,6 6,6 4,7 5,7 ;
P_W 7,5 6,6 7,6 5,7 6,7 ;
P_W 0,0 0,1 1,1 1,2 2,2 ;
P_W 1,0 1,1 2,1 2,2 3,2 ;
P_W 2,0 2,1 3,1 3,2 4,2 ;
P_W 3,0 3,1 4,1 4,2 5,2 ;
P_W 4,0 4,1 5,1 5,2 6,2 ;
P_W 5,0 5,1 6,1 6,2 7,2 ;
P_W 0,1 0,2 1,2 1,3 2,3 ;
P_W 1,1 1,2 2,2 2,3 3,3 ;
P_W 2,1 2,2 3,2 3,3 4,3 ;
P_W 3,1 3,2 4,2 4,3 5,3 ;
P_W 4,1 4,2 5,2 5,3 6,3 ;
P_W 5,1 5,2 6,2 6,3 7,3 ;
P_W 0,2 0,3 1,3 1,4 2,4 ;
P_W 1,2 1,3 2,3 2,4 3,4 ;
P_W 2,2 2,3 3,3 3,4 4,4 ;
P_W 3,2 3,3 4,3 4,4 5,4 ;
P_W 4,2 4,3 5,3 5,4 6,4 ;
P_W 5,2 5,3 6,3 6,4 7,4 ;
P_W 0,3 0,4 1,4 1,5 2,5 ;
P_W 1,3 1,4 2,4 2,5 3,5 ;
P_W 2,3 2,4 3,4 3,5 4,5 ;
P_W 3,3 3,4 4,4 4,5 5,5 ;
P_W 4,3 4,4 5,4 5,5 6,5 ;
P_W 5,3 5,4 6,4 6,5 7,5 ;
P_W 0,4 0,5 1,5 1,6 2,6 ;
P_W 1,4 1,5 2,5 2,6 3,6 ;
P_W 2,4 2,5 3,5 3,6 4,6 ;
P_W 3,4 3,5 4,5 4,6 5,6 ;
P_W 4,4 4,5 5,5 5,6 6,6 ;
P_W 5,4 5,5 6,5 6,6 7,6 ;
P_W 0,5 0,6 1,6 1,7 2,7 ;
P_W 1,5 1,6 2,6 2,7 3,7 ;
P_W 2,5 2,6 3,6 3,7 4,7 ;
P_W 3,5 3,6 4,6 4,7 5,7 ;
P_W 4,5 4,6 5,6 5,7 6,7 ;
P_W 5,5 5,6 6,6 6,7 7,7 ;
P_W 0,0 1,0 1,1 2,1 2,2 ;
P_W 1,0 2,0 2,1 3,1 3,2 ;
P_W 2,0 3,0 3,1 4,1 4,2 ;
P_W 3,0 4,0 4,1 5,1 5,2 ;
P_W 4,0 5,0 5,1 6,1 6,2 ;
P_W 5,0 6,0 6,1 7,1 7,2 ;
P_W 0,1 1,1 1,2 2,2 2,3 ;
P_W 1,1 2,1 2,2 3,2 3,3 ;
P_W 2,1 3,1 3,2 4,2 4,3 ;
P_W 3,1 4,1 4,2 5,2 5,3 ;
P_W 4,1 5,1 5,2 6,2 6,3 ;
P_W 5,1 6,1 6,2 7,2 7,3 ;
P_W 0,2 1,2 1,3 2,3 2,4 ;
P_W 1,2 2,2 2,3 3,3 3,4 ;
P_W 2,2 3,2 3,3 4,3 4,4 ;
P_W 3,2 4,2 4,3 5,3 5,4 ;
P_W 4,2 5,2 5,3 6,3 6,4 ;
P_W 5,2 6,2 6,3 7,3 7,4 ;
P_W 0,3 1,3 1,4 2,4 2,5 ;
P_W 1,3 2,3 2,4 3,4 3,5 ;
P_W 2,3 3,3 3,4 4,4 4,5 ;
P_W 3,3 4,3 4,4 5,4 5,5 ;
P_W 4,3 5,3 5,4 6,4 6,5 ;
P_W 5,3 6,3 6,4 7,4 7,5 ;
P_W 0,4 1,4 1,5 2,5 2,6 ;
P_W 1,4 2,4 2,5 3,5 3,6 ;
P_W 2,4 3,4 3,5 4,5 4,6 ;
P_W 3,4 4,4 4,5 5,5 5,6 ;
P_W 4,4 5,4 5,5 6,5 6,6 ;
P_W 5,4 6,4 6,5 7,5 7,6 ;
P_W 0,5 1,5 1,6 2,6 2,7 ;
P_W 1,5 2,5 2,6 3,6 3,7 ;
P_W 2,5 3,5 3,6 4,6 4,7 ;
P_W 3,5 4,5 4,6 5,6 5,7 ;
P_W 4,5 5,5 5,6 6,6 6,7 ;
P_W 5,5 6,5 6,6 7,6 7,7 ;
P_X 1,0 0,1 1,1 2,1 1,2 ;
P_X 2,0 1,1 2,1 3,1 2,2 ;
P_X 3,0 2,1 3,1 4,1 3,2 ;
P_X 4,0 3,1 4,1 5,1 4,2 ;
P_X 5,0 4,1 5,1 6,1 5,2 ;
P_X 6,0 5,1 6,1 7,1 6,2 ;
P_X 1,1 0,2 1,2 2,2 1,3 ;
P_X 2,1 1,2 2,2 3,2 2,3 ;
P_X 3,1 2,2 3,2 4,2 3,3 ;
P_X 4,1 3,2 4,2 5,2 4,3 ;
P_X 5,1 4,2 5,2 6,2 5,3 ;
P_X 6,1 5,2 6,2 7,2 6,3 ;
P_X 1,2 0,3 1,3 2,3 1,4 ;
P_X 2,2 1,3 2,3 3,3 2,4 ;
P_X 3,2 2,3 3,3 4,3 3,4 ;
P_X 4,2 3,3 4,3 5,3 4,4 ;
P_X 5,2 4,3 5,3 6,3 5,4 ;
P_X 6,2 5,3 6,3 7,3 6,4 ;
P_X 1,3 0,4 1,4 2,4 1,5 ;
P_X 2,3 1,4 2,4 3,4 2,5 ;
P_X 3,3 2,4 3,4 4,4 3,5 ;
P_X 4,3 3,4 4,4 5,4 4,5 ;
P_X 5,3 4,4 5,4 6,4 5,5 ;
P_X 6,3 5,4 6,4 7,4 6,5 ;
P_X 1,4 0,5 1,5 2,5 1,6 ;
P_X 2,4 1,5 2,5 3,5 2,6 ;
P_X 3,4 2,5 3,5 4,5 3,6 ;
P_X 4,4 3,5 4,5 5,5 4,6 ;
P_X 5,4 4,5 5,5 6,5 5,6 ;
P_X 6,4 5,5 6,5 7,5 6,6 ;
P_X 1,5 0,6 1,6 2,6 1,7 ;
P_X 2,5 1,6 2,6 3,6 2,7 ;
P_X 3,5 2,6 3,6 4,6 3,7 ;
P_X 4,5 3,6 4,6 5,6 4,7 ;
P_X 5,5 4,6 5,6 6,6 5,7 ;
P_X 6,5 5,6 6,6 7,6 6,7 ;
P_Y 0,0 0,1 0,2 1,2 0,3 ;
P_Y 1,0 1,1 1,2 2,2 1,3 ;
P_Y 2,0 2,1 2,2 3,2 2,3 ;
P_Y 3,0 3,1 3,2 4,2 3,3 ;
P_Y 4,0 4,1 4,2 5,2 4,3 ;
P_Y 5,0 5,1 5,2 6,2 5,3 ;
P_Y 6,0 6,1 6,2 7,2 6,3 ;
P_Y 0,1 0,2 0,3 1,3 0,4 ;
P_Y 1,1 1,2 1,3 2,3 1,4 ;
P_Y 2,1 2,2 2,3 3,3 2,4 ;
P_Y 3,1 3,2 3,3 4,3 3,4 ;
P_Y 4,1 4,2 4,3 5,3 4,4 ;
P_Y 5,1 5,2 5,3 6,3 5,4 ;
P_Y 6,1 6,2 6,3 7,3 6,4 ;
P_Y 0,2 0,3 0,4 1,4 0,5 ;
P_Y 1,2 1,3 1,4 2,4 1,5 ;
P_Y 2,2 2,3 2,4 3,4 2,5 ;
P_Y 3,2 3,3 3,4 4,4 3,5 ;
P_Y 4,2 4,3 4,4 5,4 4,5 ;
P_Y 5,2 5,3 5,4 6,4 5,5 ;
P_Y 6,2 6,3 6,4 7,4 6,5 ;
P_Y 0,3 0,4 0,5 1,5 0,6 ;
P_Y 1,3 1,4 1,5 2,5 1,6 ;
P_Y 2,3 2,4 2,5 3,5 2,6 ;
P_Y 3,3 3,4 3,5 4,5 3,6 ;
P_Y 4,3 4,4 4,5 5,5 4,6 ;
P_Y 5,3 5,4 5,5 6,5 5,6 ;
P_Y 6,3 6,4 6,5 7,5 6,6 ;
P_Y 0,4 0,5 0,6 1,6 0,7 ;
P_Y 1,4 1,5 1,6 2,6 1,7 ;
P_Y 2,4 2,5 2,6 3,6 2,7 ;
P_Y 3,4 3,5 3,6 4,6 3,7 ;
P_Y 4,4 4,5 4,6 5,6 4,7 ;
P_Y 5,4 5,5 5,6 6,6 5,7 ;
P_Y 6,4 6,5 6,6 7,6 6,7 ;
P_Y 2,0 0,1 1,1 2,1 3,1 ;
P_Y 3,0 1,1 2,1 3,1 4,1 ;
P_Y 4,0 2,1 3,1 4,1 5,1 ;
P_Y 5,0 3,1 4,1 5,1 6,1 ;
P_Y 6,0 4,1 5,1 6,1 7,1 ;
P_Y 2,1 0,2 1,2 2,2 3,2 ;
P_Y 3,1 1,2 2,2 3,2 4,2 ;
P_Y 4,1 2,2 3,2 4,2 5,2 ;
P_Y 5,1 3,2 4,2 5,2 6,2 ;
P_Y 6,1 4,2 5,2 6,2 7,2 ;
P_Y 2,2 0,3 1,3 2,3 3,3 ;
P_Y 3,2 1,3 2,3 3,3 4,3 ;
P_Y 4,2 2,3 3,3 4,3 5,3 ;
P_Y 5,2 3,3 4,3 5,3 6,3 ;
P_Y 6,2 4,3 5,3 6,3 7,3 ;
P_Y 2,3 0,4 1,4 2,4 3,4 ;
P_Y 3,3 1,4 2,4 3,4 4,4 ;
P_Y 4,3 2,4 3,4 4,4 5,4 ;
P_Y 5,3 3,4 4,4 5,4 6,4 ;
P_Y 6,3 4,4 5,4 6,4 7,4 ;
P_Y 2,4 0,5 1,5 2,5 3,5 ;
P_Y 3,4 1,5 2,5 3,5 4,5 ;
P_Y 4,4 2,5 3,5 4,5 5,5 ;
P_Y 5,4 3,5 4,5 5,5 6,5 ;
P_Y 6,4 4,5 5,5 6,5 7,5 ;
P_Y 2,5 0,6 1,6 2,6 3,6 ;
P_Y 3,5 1,6 2,6 3,6 4,6 ;
P_Y 4,5 2,6 3,6 4,6 5,6 ;
P_Y 5,5 3,6 4,6 5,6 6,6 ;
P_Y 6,5 4,6 5,6 6,6 7,6 ;
P_Y 2,6 0,7 1,7 2,7 3,7 ;
P_Y 3,6 1,7 2,7 3,7 4,7 ;
P_Y 4,6 2,7 3,7 4,7 5,7 ;
P_Y 5,6 3,7 4,7 5,7 6,7 ;
P_Y 6,6 4,7 5,7 6,7 7,7 ;
P_Y 0,0 1,0 2,0 3,0 2,1 ;
P_Y 1,0 2,0 3,0 4,0 3,1 ;
P_Y 2,0 3,0 4,0 5,0 4,1 ;
P_Y 3,0 4,0 5,0 6,0 5,1 ;
P_Y 4,0 5,0 6,0 7,0 6,1 ;
P_Y 0,1 1,1 2,1 3,1 2,2 ;
P_Y 1,1 2,1 3,1 4,1 3,2 ;
P_Y 2,1 3,1 4,1 5,1 4,2 ;
P_Y 3,1 4,1 5,1 6,1 5,2 ;
P_Y 4,1 5,1 6,1 7,1 6,2 ;
P_Y 0,2 1,2 2,2 3,2 2,3 ;
P_Y 1,2 2,2 3,2 4,2 3,3 ;
P_Y 2,2 3,2 4,2 5,2 4,3 ;
P_Y 3,2 4,2 5,2 6,2 5,3 ;
P_Y 4,2 5,2 6,2 7,2 6,3 ;
P_Y 0,3 1,3 2,3 3,3 2,4 ;
P_Y 1,3 2,3 3,3 4,3 3,4 ;
P_Y 2,3 3,3 4,3 5,3 4,4 ;
P_Y 3,3 4,3 5,3 6,3 5,4 ;
P_Y 4,3 5,3 6,3 7,3 6,4 ;
P_Y 0,4 1,4 2,4 3,4 2,5 ;
P_Y 1,4 2,4 3,4 4,4 3,5 ;
P_Y 2,4 3,4 4,4 5,4 4,5 ;
P_Y 3,4 4,4 5,4 6,4 5,5 ;
P_Y 4,4 5,4 6,4 7,4 6,5 ;
P_Y 0,5 1,5 2,5 3,5 2,6 ;
P_Y 1,5 2,5 3,5 4,5 3,6 ;
P_Y 2,5 3,5 4,5 5,5 4,6 ;
P_Y 3,5 4,5 5,5 6,5 5,6 ;
P_Y 4,5 5,5 6,5 7,5 6,6 ;
P_Y 0,6 1,6 2,6 3,6 2,7 ;
P_Y 1,6 2,6 3,6 4,6 3,7 ;
P_Y 2,6 3,6 4,6 5,6 4,7 ;
P_Y 3,6 4,6 5,6 6,6 5,7 ;
P_Y 4,6 5,6 6,6 7,6 6,7 ;
P_Y 1,0 0,1 1,1 1,2 1,3 ;
P_Y 2,0 1,1 2,1 2,2 2,3 ;
P_Y 3,0 2,1 3,1 3,2 3,3 ;
P_Y 4,0 3,1 4,1 4,2 4,3 ;
P_Y 5,0 4,1 5,1 5,2 5,3 ;
P_Y 6,0 5,1 6,1 6,2 6,3 ;
P_Y 7,0 6,1 7,1 7,2 7,3 ;
P_Y 1,1 0,2 1,2 1,3 1,4 ;
P_Y 2,1 1,2 2,2 2,3 2,4 ;
P_Y 3,1 2,2 3,2 3,3 3,4 ;
P_Y 4,1 3,2 4,2 4,3 4,4 ;
P_Y 5,1 4,2 5,2 5,3 5,4 ;
P_Y 6,1 5,2 6,2 6,3 6,4 ;
P_Y 7,1 6,2 7,2 7,3 7,4 ;
P_Y 1,2 0,3 1,3 1,4 1,5 ;
P_Y 2,2 1,3 2,3 2,4 2,5 ;
P_Y 3,2 2,3 3,3 3,4 3,5 ;
P_Y 4,2 3,3 4,3 4,4 4,5 ;
P_Y 5,2 4,3 5,3 5,4 5,5 ;
P_Y 6,2 5,3 6,3 6,4 6,5 ;
P_Y 7,2 6,3 7,3 7,4 7,5 ;
P_Y 1,3 0,4 1,4 1,5 1,6 ;
P_Y 2,3 1,4 2,4 2,5 2,6 ;
P_Y 3,3 2,4 3,4 3,5 3,6 ;
P_Y 4,3 3,4 4,4 4,5 4,6 ;
P_Y 5,3 4,4 5,4 5,5 5,6 ;
P_Y 6,3 5,4 6,4 6,5 6,6 ;
P_Y 7,3 6,4 7,4 7,5 7,6 ;
P_Y 1,4 0,5 1,5 1,6 1,7 ;
P_Y 2,4 1,5 2,5 2,6 2,7 ;
P_Y 3,4 2,5 3,5 3,6 3,7 ;
P_Y 4,4 3,5 4,5 4,6 4,7 ;
P_Y 5,4 4,5 5,5 5,6 5,7 ;
P_Y 6,4 5,5 6,5 6,6 6,7 ;
P_Y 7,4 6,5 7,5 7,6 7,7 ;
P_Y 0,0 0,1 1,1 0,2 0,3 ;
P_Y 1,0 1,1 2,1 1,2 1,3 ;
P_Y 2,0 2,1 3,1 2,2 2,3 ;
P_Y 3,0 3,1 4,1 3,2 3,3 ;
P_Y 4,0 4,1 5,1 4,2 4,3 ;
P_Y 5,0 5,1 6,1 5,2 5,3 ;
P_Y 6,0 6,1 7,1 6,2 6,3 ;
P_Y 0,1 0,2 1,2 0,3 0,4 ;
P_Y 1,1 1,2 2,2 1,3 1,4 ;
P_Y 2,1 2,2 3,2 2,3 2,4 ;
P_Y 3,1 3,2 4,2 3,3 3,4 ;
P_Y 4,1 4,2 5,2 4,3 4,4 ;
P_Y 5,1 5,2 6,2 5,3 5,4 ;
P_Y 6,1 6,2 7,2 6,3 6,4 ;
P_Y 0,2 0,3 1,3 0,4 0,5 ;
P_Y 1,2 1,3 2,3 1,4 1,5 ;
P_Y 2,2 2,3 3,3 2,4 2,5 ;
P_Y 3,2 3,3 4,3 3,4 3,5 ;
P_Y 4,2 4,3 5,3 4,4 4,5 ;
P_Y 5,2 5,3 6,3 5,4 5,5 ;
P_Y 6,2 6,3 7,3 6,4 6,5 ;
P_Y 0,3 0,4 1,4 0,5 0,6 ;
P_Y 1,3 1,4 2,4 1,5 1,6 ;
P_Y 2,3 2,4 3,4 2,5 2,6 ;
P_Y 3,3 3,4 4,4 3,5 3,6 ;
P_Y 4,3 4,4 5,4 4,5 4,6 ;
P_Y 5,3 5,4 6,4 5,5 5,6 ;
P_Y 6,3 6,4 7,4 6,5 6,6 ;
P_Y 0,4 0,5 1,5 0,6 0,7 ;
P_Y 1,4 1,5 2,5 1,6 1,7 ;
P_Y 2,4 2,5 3,5 2,6 2,7 ;
P_Y 3,4 3,5 4,5 3,6 3,7 ;
P_Y 4,4 4,5 5,5 4,6 4,7 ;
P_Y 5,4 5,5 6,5 5,6 5,7 ;
P_Y 6,4 6,5 7,5 6,6 6,7 ;
P_Y 0,0 1,0 2,0 3,0 1,1 ;
P_Y 1,0 2,0 3,0 4,0 2,1 ;
P_Y 2,0 3,0 4,0 5,0 3,1 ;
P_Y 3,0 4,0 5,0 6,0 4,1 ;
P_Y 4,0 5,0 6,0 7,0 5,1 ;
P_Y 0,1 1,1 2,1 3,1 1,2 ;
P_Y 1,1 2,1 3,1 4,1 2,2 ;
P_Y 2,1 3,1 4,1 5,1 3,2 ;
P_Y 3,1 4,1 5,1 6,1 4,2 ;
P_Y 4,1 5,1 6,1 7,1 5,2 ;
P_Y 0,2 1,2 2,2 3,2 1,3 ;
P_Y 1,2 2,2 3,2 4,2 2,3 ;
P_Y 2,2 3,2 4,2 5,2 3,3 ;
P_Y 3,2 4,2 5,2 6,2 4,3 ;
P_Y 4,2 5,2 6,2 7,2 5,3 ;
P_Y 0,3 1,3 2,3 3,3 1,4 ;
P_Y 1,3 2,3 3,3 4,3 2,4 ;
P_Y 2,3 3,3 4,3 5,3 3,4 ;
P_Y 3,3 4,3 5,3 6,3 4,4 ;
P_Y 4,3 5,3 6,3 7,3 5,4 ;
P_Y 0,4 1,4 2,4 3,4 1,5 ;
P_Y 1,4 2,4 3,4 4,4 2,5 ;
P_Y 2,4 3,4 4,4 5,4 3,5 ;
P_Y 3,4 4,4 5,4 6,4 4,5 ;
P_Y 4,4 5,4 6,4 7,4 5,5 ;
P_Y 0,5 1,5 2,5 3,5 1,6 ;
P_Y 1,5 2,5 3,5 4,5 2,6 ;
P_Y 2,5 3,5 4,5 5,5 3,6 ;
P_Y 3,5 4,5 5,5 6,5 4,6 ;
P_Y 4,5 5,5 6,5 7,5 5,6 ;
P_Y 0,6 1,6 2,6 3,6 1,7 ;
P_Y 1,6 2,6 3,6 4,6 2,7 ;
P_Y 2,6 3,6 4,6 5,6 3,7 ;
P_Y 3,6 4,6 5,6 6,6 4,7 ;
P_Y 4,6 5,6 6,6 7,6 5,7 ;
P_Y 1,0 0,1 1,1 2,1 3,1 ;
P_Y 2,0 1,1 2,1 3,1 4,1 ;
P_Y 3,0 2,1 3,1 4,1 5,1 ;
P_Y 4,0 3,1 4,1 5,1 6,1 ;
P_Y 5,0 4,1 5,1 6,1 7,1 ;
P_Y 1,1 0,2 1,2 2,2 3,2 ;
P_Y 2,1 1,2 2,2 3,2 4,2 ;
P_Y 3,1 2,2 3,2 4,2 5,2 ;
P_Y 4,1 3,2 4,2 5,2 6,2 ;
P_Y 5,1 4,2 5,2 6,2 7,2 ;
P_Y 1,2 0,3 1,3 2,3 3,3 ;
P_Y 2,2 1,3 2,3 3,3 4,3 ;
P_Y 3,2 2,3 3,3 4,3 5,3 ;
P_Y 4,2 3,3 4,3 5,3 6,3 ;
P_Y 5,2 4,3 5,3 6,3 7,3 ;
P_Y 1,3 0,4 1,4 2,4 3,4 ;
P_Y 2,3 1,4 2,4 3,4 4,4 ;
P_Y 3,3 2,4 3,4 4,4 5,4 ;
P_Y 4,3 3,4 4,4 5,4 6,4 ;
P_Y 5,3 4,4 5,4 6,4 7,4 ;
P_Y 1,4 0,5 1,5 2,5 3,5 ;
P_Y 2,4 1,5 2,5 3,5 4,5 ;
P_Y 3,4 2,5 3,5 4,5 5,5 ;
P_Y 4,4 3,5 4,5 5,5 6,5 ;
P_Y 5,4 4,5 5,5 6,5 7,5 ;
P_Y 1,5 0,6 1,6 2,6 3,6 ;
P_Y 2,5 1,6 2,6 3,6 4,6 ;
P_Y 3,5 2,6 3,6 4,6 5,6 ;
P_Y 4,5 3,6 4,6 5,6 6,6 ;
P_Y 5,5 4,6 5,6 6,6 7,6 ;
P_Y 1,6 0,7 1,7 2,7 3,7 ;
P_Y 2,6 1,7 2,7 3,7 4,7 ;
P_Y 3,6 2,7 3,7 4,7 5,7 ;
P_Y 4,6 3,7 4,7 5,7 6,7 ;
P_Y 5,6 4,7 5,7 6,7 7,7 ;
P_Y 1,0 1,1 0,2 1,2 1,3 ;
P_Y 2,0 2,1 1,2 2,2 2,3 ;
P_Y 3,0 3,1 2,2 3,2 3,3 ;
P_Y 4,0 4,1 3,2 4,2 4,3 ;
P_Y 5,0 5,1 4,2 5,2 5,3 ;
P_Y 6,0 6,1 5,2 6,2 6,3 ;
P_Y 7,0 7,1 6,2 7,2 7,3 ;
P_Y 1,1 1,2 0,3 1,3 1,4 ;
P_Y 2,1 2,2 1,3 2,3 2,4 ;
P_Y 3,1 3,2 2,3 3,3 3,4 ;
P_Y 4,1 4,2 3,3 4,3 4,4 ;
P_Y 5,1 5,2 4,3 5,3 5,4 ;
P_Y 6,1 6,2 5,3 6,3 6,4 ;
P_Y 7,1 7,2 6,3 7,3 7,4 ;
P_Y 1,2 1,3 0,4 1,4 1,5 ;
P_Y 2,2 2,3 1,4 2,4 2,5 ;
P_Y 3,2 3,3 2,4 3,4 3,5 ;
P_Y 4,2 4,3 3,4 4,4 4,5 ;
P_Y 5,2 5,3 4,4 5,4 5,5 ;
P_Y 6,2 6,3 5,4 6,4 6,5 ;
P_Y 7,2 7,3 6,4 7,4 7,5 ;
P_Y 1,3 1,4 0,5 1,5 1,6 ;
P_Y 2,3 2,4 1,5 2,5 2,6 ;
P_Y 3,3 3,4 2,5 3,5 3,6 ;
P_Y 4,3 4,4 3,5 4,5 4,6 ;
P_Y 5,3 5,4 4,5 5,5 5,6 ;
P_Y 6,3 6,4 5,5 6,5 6,6 ;
P_Y 7,3 7,4 6,5 7,5 7,6 ;
P_Y 1,4 1,5 0,6 1,6 1,7 ;
P_Y 2,4 2,5 1,6 2,6 2,7 ;
P_Y 3,4 3,5 2,6 3,6 3,7 ;
P_Y 4,4 4,5 3,6 4,6 4,7 ;
P_Y 5,4 5,5 4,6 5,6 5,7 ;
P_Y 6,4 6,5 5,6 6,6 6,7 ;
P_Y 7,4 7,5 6,6 7,6 7,7 ;
P_Z 2,0 0,1 1,1 2,1 0,2 ;
P_Z 3,0 1,1 2,1 3,1 1,2 ;
P_Z 4,0 2,1 3,1 4,1 2,2 ;
P_Z 5,0 3,1 4,1 5,1 3,2 ;
P_Z 6,0 4,1 5,1 6,1 4,2 ;
P_Z 7,0 5,1 6,1 7,1 5,2 ;
P_Z 2,1 0,2 1,2 2,2 0,3 ;
P_Z 3,1 1,2 2,2 3,2 1,3 ;
P_Z 4,1 2,2 3,2 4,2 2,3 ;
P_Z 5,1 3,2 4,2 5,2 3,3 ;
P_Z 6,1 4,2 5,2 6,2 4,3 ;
P_Z 7,1 5,2 6,2 7,2 5,3 ;
P_Z 2,2 0,3 1,3 2,3 0,4 ;
P_Z 3,2 1,3 2,3 3,3 1,4 ;
P_Z 4,2 2,3 3,3 4,3 2,4 ;
P_Z 5,2 3,3 4,3 5,3 3,4 ;
P_Z 6,2 4,3 5,3 6,3 4,4 ;
P_Z 7,2 5,3 6,3 7,3 5,4 ;
P_Z 2,3 0,4 1,4 2,4 0,5 ;
P_Z 3,3 1,4 2,4 3,4 1,5 ;
P_Z 4,3 2,4 3,4 4,4 2,5 ;
P_Z 5,3 3,4 4,4 5,4 3,5 ;
P_Z 6,3 4,4 5,4 6,4 4,5 ;
P_Z 7,3 5,4 6,4 7,4 5,5 ;
P_Z 2,4 0,5 1,5 2,5 0,6 ;
P_Z 3,4 1,5 2,5 3,5 1,6 ;
P_Z 4,4 2,5 3,5 4,5 2,6 ;
P_Z 5,4 3,5 4,5 5,5 3,6 ;
P_Z 6,4 4,5 5,5 6,5 4,6 ;
P_Z 7,4 5,5 6,5 7,5 5,6 ;
P_Z 2,5 0,6 1,6 2,6 0,7 ;
P_Z 3,5 1,6 2,6 3,6 1,7 ;
P_Z 4,5 2,6 3,6 4,6 2,7 ;
P_Z 5,5 3,6 4,6 5,6 3,7 ;
P_Z 6,5 4,6 5,6 6,6 4,7 ;
P_Z 7,5 5,6 6,6 7,6 5,7 ;
P_Z 1,0 2,0 1,1 0,2 1,2 ;
P_Z 2,0 3,0 2,1 1,2 2,2 ;
P_Z 3,0 4,0 3,1 2,2 3,2 ;
P_Z 4,0 5,0 4,1 3,2 4,2 ;
P_Z 5,0 6,0 5,1 4,2 5,2 ;
P_Z 6,0 7,0 6,1 5,2 6,2 ;
P_Z 1,1 2,1 1,2 0,3 1,3 ;
P_Z 2,1 3,1 2,2 1,3 2,3 ;
P_Z 3,1 4,1 3,2 2,3 3,3 ;
P_Z 4,1 5,1 4,2 3,3 4,3 ;
P_Z 5,1 6,1 5,2 4,3 5,3 ;
P_Z 6,1 7,1 6,2 5,3 6,3 ;
P_Z 1,2 2,2 1,3 0,4 1,4 ;
P_Z 2,2 3,2 2,3 1,4 2,4 ;
P_Z 3,2 4,2 3,3 2,4 3,4 ;
P_Z 4,2 5,2 4,3 3,4 4,4 ;
P_Z 5,2 6,2 5,3 4,4 5,4 ;
P_Z 6,2 7,2 6,3 5,4 6,4 ;
P_Z 1,3 2,3 1,4 0,5 1,5 ;
P_Z 2,3 3,3 2,4 1,5 2,5 ;
P_Z 3,3 4,3 3,4 2,5 3,5 ;
P_Z 4,3 5,3 4,4 3,5 4,5 ;
P_Z 5,3 6,3 5,4 4,5 5,5 ;
P_Z 6,3 7,3 6,4 5,5 6,5 ;
P_Z 1,4 2,4 1,5 0,6 1,6 ;
P_Z 2,4 3,4 2,5 1,6 2,6 ;
P_Z 3,4 4,4 3,5 2,6 3,6 ;
P_Z 4,4 5,4 4,5 3,6 4,6 ;
P_Z 5,4 6,4 5,5 4,6 5,6 ;
P_Z 6,4 7,4 6,5 5,6 6,6 ;
P_Z 1,5 2,5 1,6 0,7 1,7 ;
P_Z 2,5 3,5 2,6 1,7 2,7 ;
P_Z 3,5 4,5 3,6 2,7 3,7 ;
P_Z 4,5 5,5 4,6 3,7 4,7 ;
P_Z 5,5 6,5 5,6 4,7 5,7 ;
P_Z 6,5 7,5 6,6 5,7 6,7 ;
P_Z 0,0 1,0 1,1 1,2 2,2 ;
P_Z 1,0 2,0 2,1 2,2 3,2 ;
P_Z 2,0 3,0 3,1 3,2 4,2 ;
P_Z 3,0 4,0 4,1 4,2 5,2 ;
P_Z 4,0 5,0 5,1 5,2 6,2 ;
P_Z 5,0 6,0 6,1 6,2 7,2 ;
P_Z 0,1 1,1 1,2 1,3 2,3 ;
P_Z 1,1 2,1 2,2 2,3 3,3 ;
P_Z 2,1 3,1 3,2 3,3 4,3 ;
P_Z 3,1 4,1 4,2 4,3 5,3 ;
P_Z 4,1 5,1 5,2 5,3 6,3 ;
P_Z 5,1 6,1 6,2 6,3 7,3 ;
P_Z 0,2 1,2 1,3 1,4 2,4 ;
P_Z 1,2 2,2 2,3 2,4 3,4 ;
P_Z 2,2 3,2 3,3 3,4 4,4 ;
P_Z 3,2 4,2 4,3 4,4 5,4 ;
P_Z 4,2 5,2 5,3 5,4 6,4 ;
P_Z 5,2 6,2 6,3 6,4 7,4 ;
P_Z 0,3 1,3 1,4 1,5 2,5 ;
P_Z 1,3 2,3 2,4 2,5 3,5 ;
P_Z 2,3 3,3 3,4 3,5 4,5 ;
P_Z 3,3 4,3 4,4 4,5 5,5 ;
P_Z 4,3 5,3 5,4 5,5 6,5 ;
P_Z 5,3 6,3 6,4 6,5 7,5 ;
P_Z 0,4 1,4 1,5 1,6 2,6 ;
P_Z 1,4 2,4 2,5 2,6 3,6 ;
P_Z 2,4 3,4 3,5 3,6 4,6 ;
P_Z 3,4 4,4 4,5 4,6 5,6 ;
P_Z 4,4 5,4 5,5 5,6 6,6 ;
P_Z 5,4 6,4 6,5 6,6 7,6 ;
P_Z 0,5 1,5 1,6 1,7 2,7 ;
P_Z 1,5 2,5 2,6 2,7 3,7 ;
P_Z 2,5 3,5 3,6 3,7 4,7 ;
P_Z 3,5 4,5 4,6 4,7 5,7 ;
P_Z 4,5 5,5 5,6 5,7 6,7 ;
P_Z 5,5 6,5 6,6 6,7 7,7 ;
P_Z 0,0 0,1 1,1 2,1 2,2 ;
P_Z 1,0 1,1 2,1 3,1 3,2 ;
P_Z 2,0 2,1 3,1 4,1 4,2 ;
P_Z 3,0 3,1 4,1 5,1 5,2 ;
P_Z 4,0 4,1 5,1 6,1 6,2 ;
P_Z 5,0 5,1 6,1 7,1 7,2 ;
P_Z 0,1 0,2 1,2 2,2 2,3 ;
P_Z 1,1 1,2 2,2 3,2 3,3 ;
P_Z 2,1 2,2 3,2 4,2 4,3 ;
P_Z 3,1 3,2 4,2 5,2 5,3 ;
P_Z 4,1 4,2 5,2 6,2 6,3 ;
P_Z 5,1 5,2 6,2 7,2 7,3 ;
P_Z 0,2 0,3 1,3 2,3 2,4 ;
P_Z 1,2 1,3 2,3 3,3 3,4 ;
P_Z 2,2 2,3 3,3 4,3 4,4 ;
P_Z 3,2 3,3 4,3 5,3 5,4 ;
P_Z 4,2 4,3 5,3 6,3 6,4 ;
P_Z 5,2 5,3 6,3 7,3 7,4 ;
P_Z 0,3 0,4 1,4 2,4 2,5 ;
P_Z 1,3 1,4 2,4 3,4 3,5 ;
P_Z 2,3 2,4 3,4 4,4 4,5 ;
P_Z 3,3 3,4 4,4 5,4 5,5 ;
P_Z 4,3 4,4 5,4 6,4 6,5 ;
P_Z 5,3 5,4 6,4 7,4 7,5 ;
P_Z 0,4 0,5 1,5 2,5 2,6 ;
P_Z 1,4 1,5 2,5 3,5 3,6 ;
P_Z 2,4 2,5 3,5 4,5 4,6 ;
P_Z 3,4 3,5 4,5 5,5 5,6 ;
P_Z 4,4 4,5 5,5 6,5 6,6 ;
P_Z 5,4 5,5 6,5 7,5 7,6 ;
P_Z 0,5 0,6 1,6 2,6 2,7 ;
P_Z 1,5 1,6 2,6 3,6 3,7 ;
P_Z 2,5 2,6 3,6 4,6 4,7 ;
P_Z 3,5 3,6 4,6 5,6 5,7 ;
P_Z 4,5 4,6 5,6 6,6 6,7 ;
P_Z 5,5 5,6 6,6 7,6 7,7 ;
P_a 0,0 1,0 0,1 1,1 ;
P_a 1,0 2,0 1,1 2,1 ;
P_a 2,0 3,0 2,1 3,1 ;
P_a 3,0 4,0 3,1 4,1 ;
P_a 4,0 5,0 4,1 5,1 ;
P_a 5,0 6,0 5,1 6,1 ;
P_a 6,0 7,0 6,1 7,1 ;
P_a 0,1 1,1 0,2 1,2 ;
P_a 1,1 2,1 1,2 2,2 ;
P_a 2,1 3,1 2,2 3,2 ;
P_a 3,1 4,1 3,2 4,2 ;
P_a 4,1 5,1 4,2 5,2 ;
P_a 5,1 6,1 5,2 6,2 ;
P_a 6,1 7,1 6,2 7,2 ;
P_a 0,2 1,2 0,3 1,3 ;
P_a 1,2 2,2 1,3 2,3 ;
P_a 2,2 3,2 2,3 3,3 ;
P_a 3,2 4,2 3,3 4,3 ;
P_a 4,2 5,2 4,3 5,3 ;
P_a 5,2 6,2 5,3 6,3 ;
P_a 6,2 7,2 6,3 7,3 ;
P_a 0,3 1,3 0,4 1,4 ;
P_a 1,3 2,3 1,4 2,4 ;
P_a 2,3 3,3 2,4 3,4 ;
P_a 3,3 4,3 3,4 4,4 ;
P_a 4,3 5,3 4,4 5,4 ;
P_a 5,3 6,3 5,4 6,4 ;
P_a 6,3 7,3 6,4 7,4 ;
P_a 0,4 1,4 0,5 1,5 ;
P_a 1,4 2,4 1,5 2,5 ;
P_a 2,4 3,4 2,5 3,5 ;
P_a 3,4 4,4 3,5 4,5 ;
P_a 4,4 5,4 4,5 5,5 ;
P_a 5,4 6,4 5,5 6,5 ;
P_a 6,4 7,4 6,5 7,5 ;
P_a 0,5 1,5 0,6 1,6 ;
P_a 1,5 2,5 1,6 2,6 ;
P_a 2,5 3,5 2,6 3,6 ;
P_a 3,5 4,5 3,6 4,6 ;
P_a 4,5 5,5 4,6 5,6 ;
P_a 5,5 6,5 5,6 6,6 ;
P_a 6,5 7,5 6,6 7,6 ;
P_a 0,6 1,6 0,7 1,7 ;
P_a 1,6 2,6 1,7 2,7 ;
P_a 2,6 3,6 2,7 3,7 ;
P_a 3,6 4,6 3,7 4,7 ;
P_a 4,6 5,6 4,7 5,7 ;
P_a 5,6 6,6 5,7 6,7 ;
P_a 6,6 7,6 6,7 7,7 ;